-0.983333 6.547122
-0.950000 6.323028
-0.916667 6.096380
-0.883333 5.867053
-0.850000 5.635011
-0.816667 5.400229
-0.783333 5.162688
-0.750000 4.922382
-0.716667 4.679400
-0.683333 4.433512
-0.650000 4.185025
-0.616667 3.934021
-0.583333 3.680358
-0.550000 3.424470
-0.516667 3.166507
-0.483333 2.906880
-0.450000 2.645846
-0.416667 2.384125
-0.383333 2.122439
-0.350000 1.861846
-0.316667 1.603958
-0.283333 1.350400
-0.250000 1.103864
-0.216667 0.867838
-0.183333 0.646828
-0.150000 0.446694
-0.116667 0.275041
-0.083333 0.140027
-0.050000 0.049041
-0.016667 0.005193
0.000100 0.000000
0.016667 0.004647
0.050000 0.037727
0.083333 0.092881
0.116667 0.159871
0.150000 0.230812
0.183333 0.300364
0.216667 0.364618
0.250000 0.420963
0.283333 0.467739
0.316667 0.504200
0.350000 0.530594
0.383333 0.549093
0.416667 0.563147
0.450000 0.577535
0.483333 0.596769
0.516667 0.624050
0.550000 0.661055
0.583333 0.708300
0.616667 0.765586
0.650000 0.832328
0.683333 0.907643
0.716667 0.990911
0.750000 1.081193
0.783333 1.177738
0.816667 1.279834
0.850000 1.386840
0.883333 1.498045
0.916667 1.613171
0.950000 1.731609
0.983333 1.852865
