-0.768807 121.113098
-0.742743 111.462379
-0.716678 102.275490
-0.690614 93.547104
-0.664549 85.271568
-0.638484 77.442902
-0.612419 70.054771
-0.586355 63.100460
-0.560290 56.572842
-0.534226 50.464367
-0.508161 44.767036
-0.482096 39.472378
-0.456032 34.571407
-0.429967 30.054632
-0.403902 25.911993
-0.377838 22.132874
-0.351773 18.706062
-0.325708 15.619746
-0.299644 12.861491
-0.273579 10.418269
-0.247514 8.276326
-0.221450 6.421403
-0.195385 4.838591
-0.169320 3.512400
-0.143256 2.426803
-0.117191 1.565278
-0.091126 0.910880
-0.065062 0.446314
-0.038997 0.154040
-0.012932 0.016380
0.000100 0.000000
0.013132 0.014026
0.039197 0.119974
0.065262 0.316056
0.091326 0.586281
0.117391 0.915335
0.143456 1.288736
0.169520 1.693092
0.195585 2.116200
0.221650 2.547238
0.247714 2.976877
0.273779 3.397486
0.299844 3.803131
0.325908 4.189678
0.351973 4.554818
0.378038 4.898002
0.404102 5.220611
0.430167 5.525626
0.456232 5.817595
0.482296 6.102697
0.508361 6.388267
0.534425 6.682999
0.560490 6.996498
0.586555 7.339242
0.612620 7.722383
0.638684 8.157588
0.664749 8.656884
0.690813 9.232512
0.716878 9.896801
0.742943 10.662054
0.769007 11.540449
