-0.983333 7.088974
-0.950000 6.854207
-0.916667 6.616641
-0.883333 6.375880
-0.850000 6.132114
-0.816667 5.885234
-0.783333 5.635122
-0.750000 5.381813
-0.716667 5.125258
-0.683333 4.865448
-0.650000 4.602482
-0.616667 4.336122
-0.583333 4.066715
-0.550000 3.794284
-0.516667 3.519008
-0.483333 3.241197
-0.450000 2.961028
-0.416667 2.679241
-0.383333 2.396361
-0.350000 2.113476
-0.316667 1.831845
-0.283333 1.553223
-0.250000 1.280133
-0.216667 1.016265
-0.183333 0.766138
-0.150000 0.536396
-0.116667 0.335609
-0.083333 0.174081
-0.050000 0.062273
-0.016667 0.006750
0.000101 0.000000
0.016667 0.006131
0.050000 0.049829
0.083333 0.123113
0.116667 0.212693
0.150000 0.308441
0.183333 0.403277
0.216667 0.492653
0.250000 0.573293
0.283333 0.642998
0.316667 0.700204
0.350000 0.744582
0.383333 0.776488
0.416667 0.798195
0.450000 0.813889
0.483333 0.828789
0.516667 0.847962
0.550000 0.874637
0.583333 0.910525
0.616667 0.956170
0.650000 1.011417
0.683333 1.075739
0.716667 1.148433
0.750000 1.228773
0.783333 1.315943
0.816667 1.409245
0.850000 1.508008
0.883333 1.611508
0.916667 1.719395
0.950000 1.831079
0.983333 1.946162
