-0.868349 108.384758
-0.838910 100.608070
-0.809471 93.086807
-0.780032 85.827339
-0.750593 78.837196
-0.721154 72.123749
-0.691715 65.694176
-0.662276 59.552761
-0.632837 53.708950
-0.603399 48.168774
-0.573960 42.937119
-0.544521 38.018322
-0.515082 33.415676
-0.485643 29.131573
-0.456204 25.167110
-0.426765 21.521696
-0.397326 18.192202
-0.367887 15.175520
-0.338448 12.468784
-0.309009 10.066746
-0.279570 7.963037
-0.250131 6.147878
-0.220692 4.608104
-0.191253 3.328318
-0.161814 2.292102
-0.132375 1.476794
-0.102936 0.857471
-0.073497 0.415156
-0.044058 0.140321
-0.014619 0.014548
0.000100 0.000000
0.014820 0.013439
0.044259 0.111040
0.073698 0.282703
0.103137 0.504963
0.132576 0.756076
0.162015 1.016801
0.191454 1.270680
0.220893 1.504501
0.250331 1.708123
0.279770 1.874967
0.309209 2.002117
0.338648 2.090810
0.368087 2.145962
0.397526 2.176358
0.426965 2.194458
0.456404 2.216062
0.485843 2.259935
0.515282 2.347291
0.544721 2.501532
0.574160 2.747337
0.603599 3.110336
0.633038 3.616498
0.662477 4.291607
0.691916 5.160666
0.721355 6.247889
0.750794 7.575713
0.780233 9.164968
0.809672 11.034530
0.839111 13.201079
0.868550 15.679238
