-0.983333 7.616925
-0.950000 7.370909
-0.916667 7.121581
-0.883333 6.868876
-0.850000 6.612674
-0.816667 6.352954
-0.783333 6.089611
-0.750000 5.822505
-0.716667 5.551709
-0.683333 5.277089
-0.650000 4.998683
-0.616667 4.716429
-0.583333 4.430375
-0.550000 4.140616
-0.516667 3.847169
-0.483333 3.550427
-0.450000 3.250479
-0.416667 2.947927
-0.383333 2.643460
-0.350000 2.337769
-0.316667 2.032298
-0.283333 1.728927
-0.250000 1.430165
-0.216667 1.139547
-0.183333 0.862442
-0.150000 0.605913
-0.116667 0.379973
-0.083333 0.197044
-0.050000 0.070092
-0.016667 0.007492
0.000101 0.000000
0.016667 0.006715
0.050000 0.054237
0.083333 0.132541
0.116667 0.226466
0.150000 0.325147
0.183333 0.421098
0.216667 0.509406
0.250000 0.586294
0.283333 0.649271
0.316667 0.696407
0.350000 0.726858
0.383333 0.741585
0.416667 0.745087
0.450000 0.745237
0.483333 0.750223
0.516667 0.765505
0.550000 0.793538
0.583333 0.834708
0.616667 0.888649
0.650000 0.954265
0.683333 1.030416
0.716667 1.115937
0.750000 1.209742
0.783333 1.310709
0.816667 1.418151
0.850000 1.531170
0.883333 1.649087
0.916667 1.771204
0.950000 1.896991
0.983333 2.025998
