-0.983333 8.002138
-0.950000 7.747404
-0.916667 7.489224
-0.883333 7.227411
-0.850000 6.961896
-0.816667 6.692523
-0.783333 6.419319
-0.750000 6.142034
-0.716667 5.860811
-0.683333 5.575367
-0.650000 5.285821
-0.616667 4.991953
-0.583333 4.694039
-0.550000 4.391893
-0.516667 4.085777
-0.483333 3.775720
-0.450000 3.462138
-0.416667 3.145474
-0.383333 2.826123
-0.350000 2.505265
-0.316667 2.183765
-0.283333 1.863340
-0.250000 1.546534
-0.216667 1.237031
-0.183333 0.940153
-0.150000 0.663552
-0.116667 0.418005
-0.083333 0.217438
-0.050000 0.077422
-0.016667 0.008218
0.000100 0.000000
0.016667 0.007318
0.050000 0.058935
0.083333 0.142939
0.116667 0.242895
0.150000 0.346979
0.183333 0.447347
0.216667 0.539072
0.250000 0.618541
0.283333 0.683267
0.316667 0.731634
0.350000 0.763262
0.383333 0.780085
0.416667 0.787625
0.450000 0.793947
0.483333 0.806569
0.516667 0.829920
0.550000 0.866044
0.583333 0.915021
0.616667 0.976243
0.650000 1.048586
0.683333 1.130968
0.716667 1.222274
0.750000 1.321367
0.783333 1.427459
0.816667 1.539659
0.850000 1.657021
0.883333 1.779085
0.916667 1.905231
0.950000 2.034787
0.983333 2.167369
