-0.983333 1.936758
-0.950000 1.797520
-0.916667 1.659837
-0.883333 1.523794
-0.850000 1.389876
-0.816667 1.258358
-0.783333 1.129786
-0.750000 1.004485
-0.716667 0.883148
-0.683333 0.766373
-0.650000 0.654832
-0.616667 0.549256
-0.583333 0.450661
-0.550000 0.359808
-0.516667 0.277975
-0.483333 0.206232
-0.450000 0.145388
-0.416667 0.096432
-0.383333 0.059791
-0.350000 0.035061
-0.316667 0.021209
-0.283333 0.015852
-0.250000 0.015918
-0.216667 0.018208
-0.183333 0.020077
-0.150000 0.019843
-0.116667 0.016889
-0.083333 0.011628
-0.050000 0.005461
-0.016667 0.000826
0.000102 0.000000
0.016667 0.000993
0.050000 0.010218
0.083333 0.033000
0.116667 0.073723
0.150000 0.135258
0.183333 0.218440
0.216667 0.322534
0.283333 0.584867
0.316667 0.737938
0.350000 0.902223
0.383333 1.075573
0.416667 1.255975
0.450000 1.442087
0.483333 1.632626
0.516667 1.826264
0.550000 2.022399
0.583333 2.220225
0.616667 2.419156
0.650000 2.618788
0.683333 2.818489
0.716667 3.018219
0.750000 3.217476
0.783333 3.416289
0.816667 3.614214
0.850000 3.811173
0.883333 4.007204
0.916667 4.202111
0.950000 4.395680
0.983333 4.588078
