-0.983333 109.673538
-0.950000 101.874084
-0.916667 94.325607
-0.883333 87.036156
-0.850000 80.013710
-0.816667 73.265984
-0.783333 66.800476
-0.750000 60.624573
-0.716667 54.739216
-0.683333 49.146713
-0.650000 43.850544
-0.616667 38.853462
-0.583333 34.165314
-0.550000 29.792532
-0.516667 25.740282
-0.483333 22.012041
-0.450000 18.608421
-0.416667 15.527376
-0.383333 12.765935
-0.350000 10.315087
-0.316667 8.163397
-0.283333 6.297397
-0.250000 4.709151
-0.216667 3.391714
-0.183333 2.328698
-0.150000 1.491579
-0.116667 0.851449
-0.083333 0.407781
-0.050000 0.137234
-0.016667 0.014289
0.000100 0.000000
0.016667 0.012840
0.050000 0.106674
0.083333 0.270374
0.116667 0.479728
0.150000 0.713127
0.183333 0.951214
0.216667 1.178100
0.250000 1.381451
0.283333 1.553121
0.316667 1.689400
0.350000 1.791174
0.383333 1.863798
0.416667 1.917415
0.450000 1.966025
0.483333 2.027447
0.516667 2.122674
0.550000 2.275243
0.583333 2.510441
0.616667 2.855038
0.650000 3.335948
0.683333 3.980002
0.716667 4.813228
0.750000 5.860345
0.783333 7.144248
0.816667 8.685946
0.850000 10.508347
0.883333 12.632939
0.916667 15.074197
0.950000 17.844059
0.983333 20.952665
