-0.983333 14.184986
-0.950000 13.892449
-0.916667 13.594662
-0.883333 13.291486
-0.850000 12.982605
-0.816667 12.667827
-0.783333 12.346833
-0.750000 12.019355
-0.716667 11.684958
-0.683333 11.343438
-0.650000 10.994397
-0.616667 10.637394
-0.583333 10.271977
-0.550000 9.897720
-0.516667 9.514051
-0.483333 9.120410
-0.450000 8.716272
-0.416667 8.300830
-0.383333 7.874025
-0.350000 7.433889
-0.316667 6.980335
-0.283333 6.512604
-0.250000 6.029416
-0.216667 5.530484
-0.183333 5.015030
-0.150000 4.482491
-0.116667 3.933638
-0.083333 3.370456
-0.050000 2.797815
-0.016667 2.226752
0.016667 1.677429
0.050000 1.180207
0.083333 0.766162
0.116667 0.451608
0.150000 0.232818
0.216667 0.021447
0.249151 0.000000
0.250000 0.000017
0.283333 0.020800
0.316667 0.076421
0.350000 0.161002
0.383333 0.269569
0.416667 0.398227
0.450000 0.543348
0.483333 0.702266
0.516667 0.872381
0.550000 1.051676
0.583333 1.238337
0.616667 1.431239
0.650000 1.628812
0.683333 1.830337
0.716667 2.034910
0.750000 2.241710
0.783333 2.450273
0.816667 2.659935
0.850000 2.870483
0.883333 3.081401
0.916667 3.292515
0.950000 3.503508
0.983333 3.714100
