-0.983333 4.477864
-0.950000 4.279422
-0.916667 4.079846
-0.883333 3.879313
-0.850000 3.677959
-0.816667 3.475726
-0.783333 3.272840
-0.750000 3.069637
-0.716667 2.866098
-0.683333 2.662671
-0.650000 2.459611
-0.616667 2.257391
-0.583333 2.056265
-0.550000 1.856848
-0.516667 1.659936
-0.483333 1.466132
-0.450000 1.276419
-0.416667 1.092098
-0.383333 0.914298
-0.350000 0.744797
-0.316667 0.585444
-0.283333 0.438669
-0.250000 0.307106
-0.216667 0.193999
-0.183333 0.103003
-0.150000 0.038227
-0.116667 0.004149
-0.100847 0.000000
-0.083333 0.005284
-0.050000 0.045526
-0.016667 0.127616
0.016667 0.251790
0.050000 0.415461
0.083333 0.613636
0.116667 0.839838
0.150000 1.087571
0.183333 1.351194
0.216667 1.625849
0.250000 1.907936
0.283333 2.194666
0.316667 2.483716
0.350000 2.773572
0.383333 3.062938
0.416667 3.351102
0.450000 3.637332
0.483333 3.921244
0.516667 4.202222
0.550000 4.480297
0.583333 4.755248
0.616667 5.026933
0.650000 5.295172
0.683333 5.560167
0.716667 5.821712
0.750000 6.079987
0.783333 6.334932
0.816667 6.586526
0.850000 6.834933
0.883333 7.080116
0.916667 7.322289
0.950000 7.561324
0.983333 7.797332
