-0.983333 9.277573
-0.950000 9.001918
-0.916667 8.722012
-0.883333 8.437664
-0.850000 8.148733
-0.816667 7.855180
-0.783333 7.556632
-0.750000 7.253035
-0.716667 6.944267
-0.683333 6.630168
-0.650000 6.310510
-0.616667 5.985213
-0.583333 5.654044
-0.550000 5.317065
-0.516667 4.973880
-0.483333 4.624795
-0.450000 4.269578
-0.416667 3.908479
-0.383333 3.541782
-0.350000 3.169983
-0.316667 2.793906
-0.283333 2.414921
-0.250000 2.035042
-0.216667 1.657551
-0.183333 1.287478
-0.150000 0.932859
-0.116667 0.606093
-0.083333 0.326445
-0.050000 0.120154
-0.016667 0.013092
0.000100 0.000000
0.016667 0.011746
0.050000 0.093865
0.083333 0.226044
0.116667 0.381771
0.150000 0.543934
0.183333 0.702703
0.216667 0.851956
0.250000 0.987749
0.283333 1.107715
0.316667 1.209638
0.350000 1.291656
0.383333 1.352492
0.416667 1.391644
0.450000 1.411611
0.483333 1.419783
0.516667 1.425960
0.550000 1.438227
0.583333 1.460697
0.616667 1.494899
0.650000 1.540921
0.683333 1.598175
0.716667 1.665772
0.750000 1.742734
0.783333 1.828090
0.816667 1.920925
0.850000 2.020392
0.883333 2.125844
0.916667 2.236272
0.950000 2.351381
0.983333 2.470520
