-0.420152 3.932452
-0.405906 3.777301
-0.391660 3.621156
-0.377414 3.464025
-0.363168 3.305963
-0.348923 3.147006
-0.334677 2.987247
-0.320431 2.826756
-0.306185 2.665634
-0.291939 2.504094
-0.277693 2.342084
-0.263448 2.179911
-0.249202 2.017815
-0.234956 1.856080
-0.220710 1.695127
-0.206464 1.535318
-0.192218 1.377127
-0.177973 1.221338
-0.163727 1.068687
-0.149481 0.920108
-0.135235 0.776667
-0.120989 0.639767
-0.106743 0.511022
-0.092498 0.392238
-0.078252 0.285600
-0.064006 0.193062
-0.049760 0.117082
-0.035514 0.059336
-0.021268 0.021064
-0.007023 0.002305
0.000100 0.000000
0.007223 0.002212
0.021469 0.018816
0.035715 0.049465
0.049961 0.091608
0.064207 0.142502
0.078452 0.200077
0.092698 0.262322
0.106944 0.327682
0.121190 0.394897
0.135436 0.462955
0.149682 0.531047
0.163927 0.598523
0.178173 0.664863
0.192419 0.729650
0.206665 0.792543
0.220911 0.853257
0.235157 0.911558
0.249402 0.967242
0.263648 1.020134
0.277894 1.070081
0.292140 1.116941
0.306386 1.160484
0.320632 1.200803
0.334877 1.237689
0.349123 1.271065
0.363369 1.300873
0.377615 1.327089
0.391861 1.349739
0.406107 1.368923
0.420352 1.384839
