-0.281746 10.428284
-0.266763 10.103072
-0.251781 9.770062
-0.236799 9.428962
-0.221817 9.079208
-0.206834 8.720190
-0.191852 8.351372
-0.176870 7.972210
-0.161888 7.581855
-0.146905 7.179585
-0.131923 6.764684
-0.116941 6.336127
-0.101959 5.893052
-0.086977 5.434460
-0.071994 4.959780
-0.057012 4.468359
-0.042030 3.960342
-0.027048 3.437399
-0.012065 2.903972
0.002917 2.369569
0.017899 1.852574
0.032881 1.380613
0.047864 0.980849
0.062846 0.665288
0.077828 0.429355
0.092810 0.259952
0.107792 0.142880
0.122775 0.066562
0.137757 0.022014
0.152739 0.002240
0.160230 0.000000
0.167721 0.002192
0.182704 0.017943
0.197686 0.046511
0.212668 0.085764
0.227650 0.133703
0.242633 0.189177
0.257615 0.250948
0.272597 0.318290
0.287579 0.390351
0.302561 0.466853
0.317544 0.547006
0.332526 0.630706
0.347508 0.717631
0.362490 0.807369
0.377473 0.899634
0.392455 0.994436
0.407437 1.091542
0.422419 1.190658
0.437402 1.291678
0.452384 1.394510
0.467366 1.498991
0.482348 1.604971
0.497330 1.712337
0.512313 1.820974
0.527295 1.930770
0.542277 2.041622
0.557259 2.153429
0.572242 2.266103
0.587224 2.379565
0.602206 2.493720
