-0.983333 4.481303
-0.950000 4.282777
-0.916667 4.083119
-0.883333 3.882504
-0.850000 3.681068
-0.816667 3.478744
-0.783333 3.275793
-0.750000 3.072436
-0.716667 2.868900
-0.683333 2.665264
-0.650000 2.462083
-0.616667 2.259642
-0.583333 2.058476
-0.550000 1.858914
-0.516667 1.661842
-0.483333 1.467876
-0.450000 1.277998
-0.416667 1.093493
-0.383333 0.915506
-0.350000 0.745813
-0.316667 0.586259
-0.283333 0.439278
-0.250000 0.307522
-0.216667 0.194239
-0.183333 0.103101
-0.150000 0.038231
-0.116667 0.004130
-0.100902 0.000000
-0.083333 0.005329
-0.050000 0.045736
-0.016667 0.128085
0.016667 0.252595
0.050000 0.416644
0.083333 0.615206
0.116667 0.841769
0.150000 1.089850
0.183333 1.353809
0.216667 1.628736
0.250000 1.911072
0.283333 2.198029
0.316667 2.487281
0.350000 2.777321
0.383333 3.066845
0.416667 3.355213
0.450000 3.641595
0.483333 3.925566
0.516667 4.206716
0.550000 4.484829
0.583333 4.759840
0.616667 5.031651
0.650000 5.299975
0.683333 5.565052
0.716667 5.826705
0.750000 6.085022
0.783333 6.340035
0.816667 6.591666
0.850000 6.840153
0.883333 7.085374
0.916667 7.327579
0.950000 7.566631
0.983333 7.802778
