-0.863360 9.546635
-0.834090 9.268081
-0.804820 8.985042
-0.775550 8.697469
-0.746281 8.405029
-0.717011 8.107641
-0.687741 7.805173
-0.658471 7.497436
-0.629201 7.184186
-0.599931 6.865326
-0.570662 6.540507
-0.541392 6.209606
-0.512122 5.872617
-0.482852 5.529087
-0.453582 5.179070
-0.424312 4.822428
-0.395043 4.459058
-0.365773 4.089096
-0.336503 3.712635
-0.307233 3.330146
-0.277963 2.942314
-0.248693 2.550378
-0.219423 2.156221
-0.190154 1.762909
-0.160884 1.375578
-0.131614 1.002169
-0.102344 0.655578
-0.073074 0.355917
-0.043804 0.132066
-0.014535 0.014428
0.000100 0.000000
0.014735 0.013327
0.044005 0.105633
0.073275 0.254679
0.102545 0.430985
0.131815 0.616517
0.161084 0.800716
0.190354 0.977546
0.219624 1.143417
0.248894 1.296090
0.278164 1.434010
0.307434 1.555925
0.336704 1.660661
0.365973 1.746878
0.395243 1.813573
0.424513 1.859854
0.453783 1.886768
0.483053 1.899157
0.512323 1.905313
0.541592 1.913050
0.570862 1.927258
0.600132 1.950254
0.629402 1.982809
0.658672 2.024877
0.687942 2.076013
0.717211 2.135436
0.746481 2.202728
0.775751 2.276932
0.805021 2.357575
0.834291 2.443901
0.863561 2.535297
