-0.983333 7.133607
-0.950000 6.899100
-0.916667 6.661685
-0.883333 6.421139
-0.850000 6.177457
-0.816667 5.930566
-0.783333 5.680569
-0.750000 5.427312
-0.716667 5.170689
-0.683333 4.910858
-0.650000 4.647647
-0.616667 4.381287
-0.583333 4.111606
-0.550000 3.838863
-0.516667 3.563290
-0.483333 3.284937
-0.450000 3.004384
-0.416667 2.721896
-0.383333 2.438300
-0.350000 2.154580
-0.316667 1.871880
-0.283333 1.592153
-0.250000 1.317802
-0.216667 1.052276
-0.183333 0.800144
-0.150000 0.567726
-0.116667 0.363213
-0.083333 0.196550
-0.050000 0.077645
-0.016667 0.013022
0.007137 0.000000
0.016667 0.002022
0.050000 0.036179
0.083333 0.103552
0.116667 0.192736
0.150000 0.294743
0.183333 0.403201
0.216667 0.514185
0.250000 0.625066
0.283333 0.734346
0.316667 0.841298
0.350000 0.946100
0.383333 1.049178
0.416667 1.151368
0.483333 1.357228
0.516667 1.462769
0.550000 1.571269
0.583333 1.683098
0.616667 1.798516
0.650000 1.917574
0.683333 2.040192
0.716667 2.166181
0.750000 2.295304
0.783333 2.427175
0.816667 2.561722
0.850000 2.698565
0.883333 2.837476
0.916667 2.978122
0.950000 3.120291
0.983333 3.263765
