-0.983333 79.490547
-0.950000 73.865555
-0.916667 68.415611
-0.883333 63.146927
-0.850000 58.065399
-0.816667 53.177288
-0.783333 48.488159
-0.750000 44.003681
-0.716667 39.729305
-0.683333 35.669842
-0.650000 31.829153
-0.616667 28.208714
-0.583333 24.812414
-0.550000 21.645300
-0.516667 18.710667
-0.483333 16.010895
-0.450000 13.546944
-0.416667 11.317521
-0.383333 9.319110
-0.350000 7.544937
-0.316667 5.985863
-0.283333 4.632782
-0.250000 3.480223
-0.216667 2.518970
-0.183333 1.726839
-0.150000 1.093051
-0.116667 0.622232
-0.083333 0.297666
-0.050000 0.100161
-0.016667 0.010410
0.000100 0.000000
0.016667 0.009380
0.050000 0.078104
0.083333 0.198048
0.116667 0.351958
0.150000 0.523819
0.183333 0.699428
0.216667 0.866740
0.250000 1.016845
0.283333 1.143387
0.316667 1.243307
0.350000 1.316783
0.383333 1.367235
0.416667 1.401212
0.450000 1.428207
0.483333 1.460357
0.516667 1.511982
0.550000 1.599594
0.583333 1.740841
0.616667 1.954443
0.650000 2.259626
0.683333 2.675694
0.716667 3.221620
0.750000 3.915550
0.783333 4.774918
0.816667 5.815602
0.850000 7.052253
0.883333 8.499441
0.916667 10.169916
0.950000 12.073501
0.983333 14.218554
