-0.802674 72.031464
-0.781388 66.624435
-0.760101 61.464813
-0.738815 56.550354
-0.717528 51.878502
-0.696242 47.436985
-0.674955 43.219349
-0.653669 39.222824
-0.632382 35.444675
-0.611095 31.881975
-0.589809 28.531694
-0.568522 25.390686
-0.547236 22.455656
-0.525949 19.723145
-0.504663 17.189522
-0.483376 14.850990
-0.462090 12.703574
-0.440803 10.743114
-0.419516 8.965262
-0.398230 7.365475
-0.376943 5.939006
-0.355657 4.680908
-0.334370 3.586022
-0.313084 2.648979
-0.291797 1.864196
-0.270511 1.225910
-0.249224 0.728011
-0.227937 0.364385
-0.206651 0.128583
-0.185364 0.013970
-0.174721 0.000000
-0.164078 0.013766
-0.142791 0.120998
-0.121505 0.328563
-0.100218 0.629090
-0.078932 1.015326
-0.057645 1.479770
-0.036358 2.014910
-0.015072 2.613213
0.006215 3.267168
0.027501 3.969322
0.048788 4.712329
0.070074 5.488996
0.091361 6.292274
0.112647 7.115499
0.133934 7.952201
0.155221 8.796299
0.176507 9.642114
0.197794 10.484424
0.219080 11.318502
0.240367 12.140168
0.261653 12.945806
0.282940 13.732344
0.304226 14.497488
0.325513 15.239505
0.346799 15.957159
0.368086 16.652008
0.389373 17.325199
0.410659 17.977116
0.431946 18.609074
0.453232 19.222790
