-0.983333 126.547310
-0.950000 118.360611
-0.916667 110.397217
-0.883333 102.666405
-0.850000 95.177124
-0.816667 87.938400
-0.783333 80.958786
-0.750000 74.246719
-0.716667 67.810822
-0.683333 61.657837
-0.650000 55.795273
-0.616667 50.229591
-0.583333 44.966309
-0.550000 40.009708
-0.516667 35.359470
-0.483333 31.017336
-0.450000 26.985588
-0.416667 23.266493
-0.383333 19.857107
-0.350000 16.754049
-0.316667 13.954117
-0.283333 11.452468
-0.250000 9.241739
-0.216667 7.312610
-0.183333 5.654981
-0.150000 4.252680
-0.116667 3.085765
-0.083333 2.135885
-0.050000 1.387302
-0.016667 0.822564
0.016667 0.422135
0.050000 0.165560
0.083333 0.032037
0.111220 0.000000
0.116667 0.001153
0.150000 0.053660
0.183333 0.172109
0.216667 0.341657
0.250000 0.551031
0.283333 0.793584
0.316667 1.066438
0.350000 1.370715
0.383333 1.712622
0.416667 2.100911
0.450000 2.547381
0.483333 3.066989
0.516667 3.677402
0.550000 4.398474
0.583333 5.251658
0.616667 6.259389
0.650000 7.444540
0.683333 8.829763
0.716667 10.437100
0.750000 12.287182
0.783333 14.399402
0.816667 16.791248
0.850000 19.478218
0.883333 22.473721
0.916667 25.789059
0.950000 29.433283
0.983333 33.415241
