-0.635152 93.527283
-0.613229 86.079575
-0.591306 78.996735
-0.569383 72.273521
-0.547460 65.904388
-0.525537 59.883659
-0.503614 54.205338
-0.481691 48.863171
-0.459768 43.850609
-0.437844 39.160858
-0.415921 34.786808
-0.393998 30.721058
-0.372075 26.955896
-0.350152 23.483309
-0.328229 20.294964
-0.306306 17.382217
-0.284383 14.736111
-0.262460 12.347374
-0.240537 10.206431
-0.218613 8.303413
-0.196690 6.628165
-0.174767 5.170266
-0.152844 3.919056
-0.130921 2.863633
-0.108998 1.992929
-0.087075 1.295708
-0.065152 0.760629
-0.043229 0.376283
-0.021306 0.131248
0.000618 0.014122
0.011579 0.000000
0.022541 0.013644
0.044464 0.118700
0.066387 0.318430
0.088310 0.602284
0.110233 0.960113
0.132156 1.382248
0.154079 1.859406
0.176002 2.383223
0.197925 2.945797
0.219849 3.540043
0.241772 4.159655
0.263695 4.799290
0.285618 5.455061
0.307541 6.127393
0.329464 6.813647
0.351387 7.511643
0.373310 8.220140
0.395233 8.938870
0.417156 9.668563
0.439080 10.410707
0.461003 11.167844
0.482926 11.943233
0.504849 12.740925
0.526772 13.565653
0.548695 14.422774
0.570618 15.318200
0.592541 16.258322
0.614464 17.249935
0.636388 18.300177
0.658311 19.416449
