-0.983333 57.818012
-0.950000 53.868805
-0.916667 50.037952
-0.883333 46.323944
-0.850000 42.723930
-0.816667 39.243126
-0.783333 35.886993
-0.750000 32.660877
-0.716667 29.565702
-0.683333 26.612524
-0.650000 23.804853
-0.616667 21.147207
-0.583333 18.643602
-0.550000 16.297894
-0.516667 14.113101
-0.483333 12.091976
-0.450000 10.236390
-0.416667 8.548022
-0.383333 7.027318
-0.350000 5.673142
-0.316667 4.482662
-0.283333 3.451960
-0.250000 2.575530
-0.216667 1.846109
-0.183333 1.255808
-0.150000 0.795176
-0.116667 0.452902
-0.083333 0.216600
-0.050000 0.072815
-0.016667 0.007583
0.000101 0.000000
0.016667 0.006817
0.050000 0.056228
0.083333 0.141601
0.116667 0.249449
0.150000 0.367524
0.183333 0.484864
0.216667 0.592560
0.250000 0.683484
0.283333 0.753610
0.316667 0.801802
0.350000 0.830015
0.383333 0.843728
0.416667 0.851511
0.450000 0.864723
0.483333 0.897515
0.516667 0.965710
0.550000 1.086639
0.583333 1.278453
0.616667 1.559465
0.650000 1.947597
0.683333 2.459718
0.716667 3.110959
0.750000 3.914196
0.783333 4.879295
0.816667 6.013049
0.850000 7.320875
0.883333 8.808922
0.916667 10.482609
0.950000 12.346292
0.983333 14.402606
