-0.983373 79.063141
-0.950118 73.487755
-0.916862 68.081390
-0.883608 62.850723
-0.850353 57.801716
-0.817098 52.941494
-0.783843 48.277462
-0.750588 43.813251
-0.717333 39.546455
-0.684078 35.483883
-0.650823 31.634888
-0.617568 28.005957
-0.584313 24.602428
-0.551058 21.427357
-0.517803 18.482199
-0.484548 15.767802
-0.451293 13.284824
-0.418038 11.032396
-0.384783 9.007856
-0.351528 7.207421
-0.318273 5.625778
-0.285018 4.254034
-0.251763 3.089131
-0.218508 2.129778
-0.185253 1.369137
-0.151998 0.794565
-0.118743 0.389770
-0.085488 0.136167
-0.052233 0.015961
-0.034339 0.000000
-0.018978 0.010452
0.014277 0.100263
0.047532 0.267519
0.080787 0.495274
0.147297 1.067068
0.180552 1.381697
0.213807 1.699007
0.247062 2.009682
0.280317 2.307262
0.313572 2.588348
0.346827 2.852685
0.380082 3.103094
0.413337 3.345734
0.446592 3.589299
0.479847 3.845132
0.513102 4.126736
0.546357 4.449369
0.579612 4.829595
0.612867 5.284830
0.646122 5.832774
0.679377 6.491400
0.712632 7.278054
0.745887 8.209336
0.779142 9.302265
0.812397 10.574313
0.845652 12.038502
0.878907 13.706710
0.912162 15.588865
0.945417 17.693609
0.978672 20.028135
