-0.983333 12.620617
-0.950000 12.327917
-0.916667 12.030168
-0.883333 11.727143
-0.850000 11.418568
-0.816667 11.104418
-0.783333 10.784134
-0.750000 10.457756
-0.716667 10.124773
-0.683333 9.785128
-0.650000 9.438034
-0.616667 9.083558
-0.583333 8.721227
-0.550000 8.350368
-0.516667 7.970770
-0.483333 7.581941
-0.450000 7.183382
-0.416667 6.774595
-0.383333 6.355073
-0.350000 5.924345
-0.316667 5.481899
-0.283333 5.027435
-0.250000 4.560531
-0.216667 4.081521
-0.183333 3.590994
-0.150000 3.090540
-0.116667 2.583346
-0.083333 2.076049
-0.050000 1.580004
-0.016667 1.115139
0.016667 0.709986
0.050000 0.393556
0.083333 0.178331
0.116667 0.055000
0.150000 0.004350
0.163893 0.000000
0.183333 0.007707
0.216667 0.051347
0.250000 0.125699
0.283333 0.224156
0.316667 0.341991
0.350000 0.475874
0.383333 0.623238
0.416667 0.782011
0.450000 0.950331
0.483333 1.126950
0.516667 1.310403
0.550000 1.499492
0.583333 1.693257
0.616667 1.890995
0.650000 2.091714
0.683333 2.294974
0.716667 2.500114
0.750000 2.706675
0.783333 2.914159
0.816667 3.122369
0.850000 3.330857
0.883333 3.539444
0.916667 3.747785
0.950000 3.955895
0.983333 4.163454
