-0.983333 4.482697
-0.950000 4.283979
-0.916667 4.084146
-0.883333 3.883425
-0.850000 3.681681
-0.816667 3.479134
-0.783333 3.276085
-0.750000 3.072492
-0.716667 2.868747
-0.683333 2.664906
-0.650000 2.461518
-0.616667 2.258966
-0.583333 2.057468
-0.550000 1.857777
-0.516667 1.660433
-0.483333 1.466280
-0.450000 1.276228
-0.416667 1.091558
-0.383333 0.913426
-0.350000 0.743616
-0.316667 0.583950
-0.283333 0.437015
-0.250000 0.305344
-0.216667 0.192255
-0.183333 0.101452
-0.150000 0.037120
-0.116667 0.003718
-0.101739 0.000000
-0.083333 0.005873
-0.050000 0.047456
-0.016667 0.131178
0.016667 0.257187
0.050000 0.422774
0.083333 0.622826
0.116667 0.850788
0.150000 1.100165
0.183333 1.365216
0.216667 1.641304
0.250000 1.924517
0.283333 2.212240
0.316667 2.502320
0.350000 2.793056
0.383333 3.083228
0.416667 3.372123
0.450000 3.659024
0.483333 3.943465
0.516667 4.225108
0.550000 4.503805
0.583333 4.779131
0.616667 5.051286
0.650000 5.320082
0.683333 5.585421
0.716667 5.847339
0.750000 6.105993
0.783333 6.361299
0.816667 6.613201
0.850000 6.861943
0.883333 7.107435
0.916667 7.349864
0.950000 7.589184
0.983333 7.825449
