-0.983333 13.162849
-0.950000 12.855810
-0.916667 12.543219
-0.883333 12.224987
-0.850000 11.900582
-0.816667 11.570066
-0.783333 11.232843
-0.750000 10.888750
-0.716667 10.537457
-0.683333 10.178576
-0.650000 9.811815
-0.616667 9.436541
-0.583333 9.052348
-0.550000 8.658909
-0.516667 8.255708
-0.483333 7.841987
-0.450000 7.417286
-0.416667 6.980945
-0.383333 6.532260
-0.350000 6.070747
-0.316667 5.595609
-0.283333 5.106282
-0.250000 4.602418
-0.216667 4.083897
-0.183333 3.551312
-0.150000 3.006368
-0.116667 2.453234
-0.083333 1.900091
-0.050000 1.363382
-0.016667 0.872244
0.016667 0.469947
0.050000 0.194062
0.083333 0.046699
0.116667 0.000389
0.120082 0.000000
0.150000 0.023566
0.183333 0.092611
0.216667 0.192160
0.250000 0.312234
0.283333 0.446750
0.316667 0.591786
0.350000 0.744769
0.383333 0.904314
0.416667 1.069355
0.450000 1.239207
0.483333 1.413223
0.516667 1.591171
0.550000 1.772583
0.583333 1.956922
0.616667 2.144020
0.650000 2.333434
0.683333 2.524894
0.716667 2.717831
0.750000 2.912179
0.783333 3.107570
0.816667 3.303746
0.850000 3.500468
0.883333 3.697526
0.916667 3.894788
0.950000 4.091982
0.983333 4.288923
