-0.983333 9.239363
-0.950000 8.964893
-0.916667 8.686207
-0.883333 8.403096
-0.850000 8.115438
-0.816667 7.823086
-0.783333 7.525885
-0.750000 7.223731
-0.716667 6.916368
-0.683333 6.603652
-0.650000 6.285553
-0.616667 5.961726
-0.583333 5.632152
-0.550000 5.296599
-0.516667 4.955115
-0.483333 4.607608
-0.450000 4.254050
-0.416667 3.894592
-0.383333 3.529427
-0.350000 3.159056
-0.316667 2.784238
-0.283333 2.406255
-0.250000 2.026891
-0.216667 1.649606
-0.183333 1.279654
-0.150000 0.925442
-0.116667 0.599764
-0.083333 0.322169
-0.050000 0.118217
-0.016667 0.012860
0.000100 0.000000
0.016667 0.011479
0.050000 0.091738
0.083333 0.220961
0.116667 0.373421
0.150000 0.532564
0.183333 0.688529
0.216667 0.835412
0.250000 0.969518
0.283333 1.088345
0.316667 1.189924
0.350000 1.273003
0.383333 1.336606
0.416667 1.381019
0.450000 1.409058
0.483333 1.427107
0.516667 1.443405
0.550000 1.464701
0.583333 1.494782
0.616667 1.535470
0.650000 1.586937
0.683333 1.648803
0.716667 1.720326
0.750000 1.800545
0.783333 1.888791
0.816667 1.984065
0.850000 2.085746
0.883333 2.192909
0.916667 2.305105
0.950000 2.421583
0.983333 2.541996
