-0.983333 7.206245
-0.950000 6.968438
-0.916667 6.727659
-0.883333 6.483574
-0.850000 6.236484
-0.816667 5.986048
-0.783333 5.732310
-0.750000 5.475183
-0.716667 5.214781
-0.683333 4.951020
-0.650000 4.683720
-0.616667 4.413186
-0.583333 4.139378
-0.550000 3.862261
-0.516667 3.582168
-0.483333 3.299381
-0.450000 3.014087
-0.416667 2.726875
-0.383333 2.438567
-0.350000 2.149953
-0.316667 1.862461
-0.283333 1.578006
-0.250000 1.299214
-0.216667 1.029520
-0.183333 0.774150
-0.150000 0.539809
-0.116667 0.335588
-0.083333 0.172332
-0.050000 0.060674
-0.016667 0.006487
0.000100 0.000000
0.016667 0.005785
0.050000 0.046263
0.083333 0.113132
0.116667 0.193397
0.150000 0.277456
0.183333 0.358964
0.216667 0.433243
0.250000 0.497116
0.283333 0.548309
0.316667 0.585564
0.350000 0.608804
0.383333 0.620064
0.416667 0.624131
0.450000 0.628244
0.483333 0.638691
0.516667 0.659486
0.550000 0.692320
0.583333 0.737401
0.616667 0.794161
0.650000 0.861572
0.683333 0.938751
0.716667 1.024637
0.750000 1.118150
0.783333 1.218316
0.816667 1.324497
0.850000 1.435937
0.883333 1.551892
0.916667 1.671794
0.950000 1.795198
0.983333 1.921570
