-0.983333 11.371006
-0.950000 11.075136
-0.916667 10.774200
-0.883333 10.467995
-0.850000 10.156305
-0.816667 9.838904
-0.783333 9.515551
-0.750000 9.185990
-0.716667 8.849953
-0.683333 8.507154
-0.650000 8.157295
-0.616667 7.800060
-0.583333 7.435122
-0.550000 7.062219
-0.516667 6.680770
-0.483333 6.290660
-0.450000 5.891557
-0.416667 5.482891
-0.383333 5.064720
-0.350000 4.636595
-0.316667 4.198724
-0.283333 3.751291
-0.250000 3.294884
-0.216667 2.831129
-0.183333 2.362483
-0.150000 1.893700
-0.116667 1.433301
-0.083333 0.995382
-0.050000 0.603699
-0.016667 0.291511
0.016667 0.090441
0.050000 0.005850
0.062072 0.000000
0.083333 0.015258
0.116667 0.087987
0.150000 0.199662
0.183333 0.334028
0.216667 0.481095
0.250000 0.634938
0.283333 0.791835
0.316667 0.949863
0.350000 1.108005
0.383333 1.265723
0.416667 1.423311
0.450000 1.580883
0.483333 1.739023
0.516667 1.898153
0.550000 2.058440
0.583333 2.220349
0.616667 2.383997
0.650000 2.549420
0.683333 2.716614
0.716667 2.885497
0.750000 3.055945
0.783333 3.227803
0.816667 3.400896
0.850000 3.575045
0.883333 3.750065
0.916667 3.925790
0.950000 4.102071
0.983333 4.278777
