-0.983333 6.448715
-0.950000 6.258759
-0.916667 6.067150
-0.883333 5.873949
-0.850000 5.678962
-0.816667 5.482394
-0.783333 5.284260
-0.750000 5.084666
-0.716667 4.883575
-0.683333 4.681201
-0.650000 4.477733
-0.616667 4.273160
-0.583333 4.067836
-0.550000 3.862100
-0.516667 3.656229
-0.483333 3.450534
-0.450000 3.245792
-0.416667 3.042523
-0.383333 2.841703
-0.350000 2.644334
-0.316667 2.451752
-0.283333 2.265568
-0.250000 2.087888
-0.216667 1.921239
-0.183333 1.768344
-0.150000 1.632473
-0.116667 1.516397
-0.083333 1.422512
-0.050000 1.351202
-0.016667 1.300956
0.016667 1.267962
0.050000 1.247123
0.083333 1.232990
0.116667 1.220461
0.150000 1.204980
0.183333 1.182538
0.216667 1.149249
0.250000 1.101280
0.283333 1.034280
0.316667 0.943304
0.350000 0.824170
0.383333 0.680446
0.416667 0.530123
0.450000 0.391945
0.483333 0.274683
0.516667 0.180140
0.550000 0.107663
0.583333 0.055467
0.616667 0.021502
0.650000 0.003764
0.674769 0.000000
0.683333 0.000403
0.716667 0.009743
0.750000 0.030303
0.783333 0.060768
0.816667 0.100107
0.850000 0.147257
0.883333 0.201226
0.916667 0.261453
0.950000 0.327155
0.983333 0.397761
