-0.983333 118.266655
-0.950000 110.218338
-0.916667 102.413887
-0.883333 94.861320
-0.850000 87.568779
-0.816667 80.543892
-0.783333 73.793915
-0.750000 67.319122
-0.716667 61.113468
-0.683333 55.192997
-0.650000 49.568207
-0.616667 44.247910
-0.583333 39.237732
-0.550000 34.541691
-0.516667 30.162420
-0.483333 26.101187
-0.450000 22.358217
-0.416667 18.932768
-0.383333 15.822671
-0.350000 13.025537
-0.316667 10.537529
-0.283333 8.350856
-0.250000 6.450927
-0.216667 4.827828
-0.183333 3.476873
-0.150000 2.385180
-0.116667 1.531787
-0.083333 0.892208
-0.050000 0.442113
-0.016667 0.159951
0.016667 0.023743
0.038896 0.000000
0.050000 0.005587
0.083333 0.082739
0.116667 0.235056
0.150000 0.442939
0.183333 0.689015
0.216667 0.958526
0.250000 1.240505
0.283333 1.527421
0.316667 1.815899
0.350000 2.106694
0.383333 2.405063
0.416667 2.720028
0.450000 3.064443
0.483333 3.454857
0.516667 3.910352
0.550000 4.452386
0.583333 5.104030
0.616667 5.889319
0.650000 6.832449
0.683333 7.957557
0.716667 9.287681
0.750000 10.844592
0.783333 12.648254
0.816667 14.718331
0.850000 17.077105
0.883333 19.739477
0.950000 26.018177
0.983333 29.655968
