-0.983333 81.774200
-0.950000 77.134911
-0.916667 72.586227
-0.883333 68.151268
-0.850000 63.835732
-0.816667 59.614014
-0.783333 55.532082
-0.750000 51.568611
-0.716667 47.729527
-0.683333 44.019802
-0.650000 40.444569
-0.616667 37.009285
-0.583333 33.718849
-0.550000 30.578115
-0.516667 27.591394
-0.483333 24.763136
-0.450000 22.096661
-0.416667 19.594683
-0.383333 17.259434
-0.350000 15.093096
-0.316667 13.096187
-0.283333 11.268103
-0.250000 9.606743
-0.216667 8.108459
-0.183333 6.768200
-0.150000 5.580176
-0.116667 4.538726
-0.083333 3.634956
-0.050000 2.858815
-0.016667 2.200285
0.016667 1.649320
0.050000 1.195283
0.083333 0.827342
0.116667 0.536303
0.150000 0.314438
0.183333 0.155421
0.216667 0.053717
0.250000 0.005241
0.265126 0.000000
0.283333 0.007507
0.316667 0.060394
0.350000 0.166253
0.383333 0.329655
0.416667 0.558102
0.450000 0.860908
0.483333 1.249617
0.516667 1.736950
0.550000 2.336704
0.583333 3.062831
0.616667 3.929528
0.650000 4.949924
0.683333 6.136108
0.716667 7.497328
0.750000 9.039008
0.783333 10.761632
0.816667 12.666438
0.850000 14.758599
0.883333 17.043297
0.916667 19.524197
0.950000 22.203823
0.983333 25.081274
