-0.983333 7.799911
-0.916667 7.303222
-0.883333 7.049675
-0.850000 6.792606
-0.816667 6.531949
-0.783333 6.267682
-0.750000 5.999541
-0.716667 5.727561
-0.683333 5.451714
-0.650000 5.172028
-0.616667 4.888283
-0.583333 4.600607
-0.550000 4.309108
-0.516667 4.013786
-0.483333 3.714928
-0.450000 3.412607
-0.416667 3.107371
-0.383333 2.799823
-0.350000 2.490667
-0.316667 2.181242
-0.283333 1.873010
-0.250000 1.568454
-0.216667 1.270912
-0.183333 0.985151
-0.150000 0.717704
-0.116667 0.477546
-0.083333 0.275925
-0.050000 0.124763
-0.016667 0.032796
0.016667 0.000278
0.020382 0.000000
0.050000 0.018139
0.083333 0.073001
0.116667 0.152389
0.150000 0.246683
0.183333 0.349024
0.216667 0.454697
0.250000 0.560910
0.283333 0.665748
0.316667 0.768163
0.350000 0.867695
0.383333 0.964340
0.416667 1.058455
0.450000 1.150678
0.483333 1.241705
0.516667 1.332648
0.550000 1.424310
0.583333 1.517483
0.616667 1.612798
0.650000 1.710567
0.683333 1.811266
0.716667 1.914938
0.750000 2.021596
0.783333 2.131158
0.816667 2.243379
0.850000 2.358273
0.883333 2.475571
0.916667 2.595071
0.950000 2.716570
0.983333 2.839873
