-0.777368 7.786900
-0.678364 6.979686
-0.610200 6.401112
-0.554794 5.916325
-0.506884 5.486493
-0.464063 5.093527
-0.424988 4.727934
-0.388820 4.383639
-0.354993 4.056804
-0.323104 3.744525
-0.292854 3.445287
-0.264013 3.157889
-0.236400 2.881413
-0.209872 2.615684
-0.184310 2.360516
-0.159615 2.116507
-0.135704 1.884059
-0.112508 1.664200
-0.089965 1.458119
-0.068024 1.267122
-0.046639 1.092532
-0.025769 0.935716
-0.005380 0.797282
0.014562 0.677357
0.034084 0.575214
0.053306 0.489078
0.072828 0.415015
0.092769 0.351811
0.134029 0.252521
0.155414 0.213271
0.177355 0.178954
0.199898 0.148101
0.223094 0.119658
0.247005 0.092626
0.271700 0.066888
0.297262 0.042735
0.323790 0.021718
0.351402 0.006405
0.380243 0.000015
0.381426 0.000000
0.410494 0.006144
0.442383 0.028027
0.476210 0.068492
0.512378 0.130105
0.551453 0.215917
0.594274 0.329681
0.642183 0.477533
0.697590 0.670436
0.765754 0.932529
0.864758 1.347943
