-0.910998 9.576656
-0.880113 9.296983
-0.849229 9.012960
-0.818344 8.724370
-0.787459 8.431088
-0.756575 8.132789
-0.725690 7.829420
-0.694805 7.520801
-0.663921 7.206625
-0.633036 6.886940
-0.602151 6.561438
-0.571267 6.229867
-0.540382 5.892138
-0.509497 5.548018
-0.478613 5.197473
-0.447728 4.840350
-0.416843 4.476658
-0.385959 4.106358
-0.355074 3.729642
-0.324189 3.346928
-0.293305 2.958965
-0.262420 2.566784
-0.231535 2.172222
-0.200651 1.778394
-0.169766 1.389830
-0.138881 1.014466
-0.107997 0.664957
-0.077112 0.361785
-0.046227 0.134409
-0.015343 0.014649
0.000100 0.000000
0.015542 0.013467
0.046427 0.106134
0.077311 0.254143
0.108196 0.427408
0.139081 0.607861
0.169965 0.784904
0.200850 0.952448
0.231735 1.106560
0.262619 1.244875
0.293504 1.365326
0.324389 1.466073
0.355273 1.545079
0.386158 1.600620
0.417043 1.631597
0.447927 1.640799
0.478812 1.637746
0.509697 1.634318
0.540581 1.638546
0.571466 1.654096
0.602351 1.682018
0.633235 1.722112
0.664120 1.773631
0.695005 1.835487
0.725889 1.906832
0.756774 1.986644
0.787659 2.073881
0.818543 2.167891
0.849428 2.267706
0.880313 2.372782
0.911197 2.482487
