-0.687487 105.621475
-0.662396 97.195320
-0.637304 89.178200
-0.612213 81.564903
-0.587122 74.349968
-0.562031 67.527611
-0.536940 61.091759
-0.511849 55.035999
-0.486758 49.353577
-0.461667 44.037376
-0.436576 39.079910
-0.411485 34.473289
-0.386394 30.209217
-0.361303 26.278980
-0.336212 22.673426
-0.311121 19.382961
-0.286030 16.397541
-0.260939 13.706672
-0.235848 11.299404
-0.210757 9.164353
-0.185666 7.289701
-0.160575 5.663223
-0.135484 4.272317
-0.110393 3.104043
-0.085302 2.145165
-0.060211 1.382224
-0.035120 0.801581
-0.010029 0.389556
0.015062 0.132376
0.040153 0.014098
0.052699 0.000000
0.065244 0.013639
0.090335 0.117946
0.115426 0.315090
0.140517 0.593745
0.165608 0.943331
0.190699 1.354131
0.215790 1.817405
0.240882 2.325494
0.265973 2.871909
0.291064 3.451396
0.316155 4.059989
0.341246 4.695059
0.366337 5.355237
0.391428 6.040541
0.416519 6.752202
0.441610 7.492666
0.466701 8.265503
0.491792 9.075335
0.516883 9.927696
0.541974 10.828965
0.567065 11.786154
0.592156 12.806952
0.617247 13.899467
0.642338 15.072168
0.667429 16.333786
0.692520 17.693203
0.717611 19.159374
0.742702 20.741247
0.767793 22.447695
0.792884 24.287403
