-0.983333 1.938189
-0.950000 1.798881
-0.916667 1.661122
-0.883333 1.525008
-0.850000 1.391049
-0.816667 1.259434
-0.783333 1.130719
-0.750000 1.005397
-0.716667 0.883980
-0.683333 0.767119
-0.650000 0.655497
-0.616667 0.549837
-0.583333 0.451162
-0.550000 0.360302
-0.516667 0.278365
-0.483333 0.206425
-0.450000 0.145575
-0.416667 0.096540
-0.383333 0.059831
-0.350000 0.035061
-0.316667 0.021178
-0.283333 0.015805
-0.250000 0.015869
-0.216667 0.018166
-0.183333 0.020047
-0.150000 0.019825
-0.116667 0.016880
-0.083333 0.011626
-0.050000 0.005461
-0.016667 0.000828
0.000102 0.000000
0.016667 0.000995
0.050000 0.010224
0.083333 0.033017
0.116667 0.073764
0.150000 0.135331
0.183333 0.218486
0.216667 0.322733
0.283333 0.585199
0.316667 0.738378
0.350000 0.902748
0.383333 1.076176
0.416667 1.256775
0.450000 1.442931
0.483333 1.633474
0.516667 1.827219
0.550000 2.023435
0.583333 2.221340
0.616667 2.420391
0.650000 2.620059
0.683333 2.819854
0.716667 3.019641
0.750000 3.218981
0.783333 3.417821
0.816667 3.615762
0.850000 3.812886
0.883333 4.008977
0.916667 4.203843
0.950000 4.397601
0.983333 4.589923
