-0.840721 115.368736
-0.812218 106.977623
-0.783716 98.861320
-0.755213 91.030060
-0.726711 83.494728
-0.698209 76.264961
-0.669706 69.349068
-0.641204 62.751476
-0.612701 56.482052
-0.584199 50.553406
-0.555697 44.970383
-0.527194 39.738235
-0.498692 34.860512
-0.470190 30.339540
-0.441687 26.175920
-0.413185 22.368799
-0.384682 18.915092
-0.356180 15.793985
-0.327678 12.989662
-0.299175 10.496237
-0.270673 8.305994
-0.242170 6.408820
-0.213668 4.793520
-0.185166 3.446933
-0.156663 2.353932
-0.128161 1.496842
-0.099658 0.856424
-0.071156 0.411361
-0.042654 0.138776
-0.014151 0.014398
0.000100 0.000000
0.014351 0.013345
0.042853 0.110517
0.071356 0.281190
0.099858 0.501731
0.128361 0.750239
0.156863 1.006892
0.185365 1.254934
0.213868 1.480636
0.242370 1.674002
0.270873 1.828961
0.299375 1.944020
0.327877 2.021903
0.356380 2.069975
0.384882 2.100163
0.413384 2.128594
0.441887 2.175590
0.470389 2.265047
0.498892 2.423975
0.527394 2.681883
0.555896 3.070114
0.584399 3.621038
0.612901 4.367782
0.641404 5.342999
0.669906 6.578386
0.698408 8.104337
0.726911 9.948895
0.755413 12.138113
0.783915 14.694763
0.812418 17.638672
0.840920 20.995544
