-0.977744 28.665020
-0.944505 27.890839
-0.911265 27.105021
-0.878026 26.307180
-0.844787 25.496923
-0.811547 24.673836
-0.778308 23.837496
-0.745068 22.987465
-0.711829 22.123302
-0.678590 21.244556
-0.645350 20.350779
-0.612111 19.441530
-0.578871 18.516350
-0.545632 17.574886
-0.512393 16.616812
-0.479153 15.641913
-0.445914 14.650081
-0.412674 13.641352
-0.379435 12.616189
-0.346196 11.575163
-0.312956 10.519863
-0.279717 9.452287
-0.246477 8.375566
-0.213238 7.295381
-0.179999 6.219994
-0.146759 5.161010
-0.113520 4.135258
-0.080280 3.165874
-0.047041 2.281085
-0.013802 1.512115
0.019438 0.889463
0.052677 0.437291
0.085917 0.157616
0.119156 0.025010
0.143510 0.000000
0.152395 0.003017
0.185635 0.058589
0.218874 0.167591
0.252114 0.313558
0.285353 0.486734
0.318592 0.683036
0.351832 0.902230
0.385071 1.146164
0.418311 1.416593
0.451550 1.714048
0.484789 2.038224
0.518029 2.387588
0.551268 2.760343
0.584508 3.154270
0.617747 3.567310
0.650986 3.997120
0.684226 4.441644
0.717465 4.898875
0.750705 5.367032
0.783944 5.844509
0.817183 6.329741
0.850423 6.821454
0.883662 7.318656
0.916902 7.820160
0.950141 8.325179
0.983380 8.832894
