-0.983333 13.642182
-0.950000 13.322002
-0.916667 12.995761
-0.883333 12.663492
-0.850000 12.324616
-0.816667 11.979132
-0.783333 11.626384
-0.750000 11.266315
-0.716667 10.898444
-0.683333 10.522261
-0.650000 10.137424
-0.616667 9.743546
-0.583333 9.339963
-0.550000 8.926189
-0.516667 8.501659
-0.483333 8.065686
-0.450000 7.617712
-0.416667 7.156831
-0.383333 6.682325
-0.350000 6.193480
-0.316667 5.689482
-0.283333 5.169675
-0.250000 4.633471
-0.216667 4.080748
-0.183333 3.512111
-0.150000 2.929580
-0.116667 2.338014
-0.083333 1.748193
-0.050000 1.181470
-0.016667 0.678355
0.016667 0.297082
0.050000 0.076918
0.083333 0.001606
0.089411 0.000000
0.116667 0.027200
0.150000 0.115479
0.183333 0.241482
0.216667 0.390091
0.250000 0.552260
0.283333 0.722783
0.316667 0.898420
0.350000 1.077591
0.383333 1.259255
0.416667 1.443031
0.450000 1.628734
0.483333 1.816400
0.516667 2.006008
0.550000 2.197536
0.583333 2.390835
0.616667 2.585968
0.650000 2.782859
0.683333 2.980865
0.716667 3.180244
0.750000 3.380669
0.783333 3.581878
0.816667 3.783636
0.850000 3.985876
0.883333 4.188252
0.916667 4.390698
0.950000 4.593022
0.983333 4.795098
