-0.983333 51.961040
-0.950000 48.389008
-0.916667 44.918236
-0.883333 41.551998
-0.850000 38.295708
-0.816667 35.154583
-0.783333 32.133686
-0.750000 29.237825
-0.716667 26.471766
-0.683333 23.840189
-0.650000 21.347389
-0.616667 18.997416
-0.583333 16.794048
-0.550000 14.740228
-0.516667 12.828888
-0.483333 11.054943
-0.450000 9.420426
-0.416667 7.924027
-0.383333 6.568065
-0.350000 5.352810
-0.316667 4.276503
-0.283333 3.336159
-0.250000 2.527650
-0.216667 1.844964
-0.183333 1.282652
-0.116667 0.495439
-0.083333 0.252965
-0.050000 0.097542
-0.016667 0.017561
0.009326 0.000000
0.016667 0.001412
0.050000 0.037932
0.083333 0.116572
0.116667 0.227191
0.150000 0.360333
0.183333 0.508023
0.216667 0.663816
0.250000 0.822552
0.283333 0.981894
0.316667 1.142013
0.350000 1.305754
0.383333 1.478320
0.416667 1.667873
0.450000 1.884662
0.483333 2.141435
0.516667 2.451242
0.550000 2.828827
0.583333 3.289505
0.616667 3.848693
0.650000 4.521493
0.683333 5.322299
0.716667 6.264742
0.750000 7.361082
0.783333 8.621827
0.816667 10.055860
0.850000 11.669835
0.883333 13.468499
0.916667 15.456536
0.950000 17.655910
0.983333 20.073545
