-0.817413 120.534492
-0.789700 111.615311
-0.761988 103.021408
-0.734276 94.759293
-0.706563 86.834961
-0.678851 79.254204
-0.651139 72.022202
-0.623426 65.143799
-0.595714 58.623131
-0.568002 52.463696
-0.540290 46.668350
-0.512577 41.239101
-0.484865 36.176670
-0.457153 31.480356
-0.429440 27.148418
-0.401728 23.177586
-0.374016 19.563410
-0.346303 16.299818
-0.318591 13.379129
-0.290879 10.792211
-0.263167 8.527848
-0.235454 6.573566
-0.207742 4.914610
-0.180030 3.534885
-0.152317 2.416253
-0.124605 1.539325
-0.096893 0.883210
-0.069180 0.425941
-0.041468 0.144361
-0.013756 0.015068
0.000100 0.000000
0.013957 0.014065
0.041669 0.117386
0.069381 0.300871
0.097093 0.540902
0.124806 0.815708
0.152518 1.107252
0.180230 1.400264
0.207943 1.681607
0.235655 1.940481
0.263367 2.168761
0.291080 2.361236
0.318792 2.515789
0.346504 2.633505
0.374216 2.718709
0.401929 2.778785
0.429641 2.823997
0.457353 2.867260
0.485066 2.923740
0.512778 3.010921
0.540490 3.147643
0.568203 3.354155
0.595915 3.651561
0.623627 4.061317
0.651340 4.605350
0.679052 5.304968
0.706764 6.181037
0.734477 7.253552
0.762189 8.541475
0.789901 10.062542
0.817613 11.833086
