-0.582661 96.640129
-0.562906 88.898033
-0.543152 81.539772
-0.523397 74.558548
-0.503642 67.948471
-0.483888 61.703445
-0.464133 55.816837
-0.444379 50.282127
-0.424624 45.092247
-0.404869 40.239887
-0.385115 35.717422
-0.365360 31.516954
-0.345606 27.630157
-0.325851 24.048506
-0.306096 20.763083
-0.286342 17.764643
-0.266587 15.043613
-0.246833 12.590095
-0.227078 10.393864
-0.207323 8.444385
-0.187569 6.730820
-0.167814 5.242046
-0.148060 3.966669
-0.128305 2.893053
-0.108550 2.009347
-0.088796 1.303515
-0.069041 0.763376
-0.049287 0.376662
-0.029532 0.130986
-0.009777 0.014043
0.000100 0.000000
0.009977 0.013536
0.029732 0.117286
0.049486 0.313304
0.069241 0.589792
0.088996 0.935371
0.108750 1.338980
0.128505 1.790040
0.148259 2.278512
0.168014 2.794960
0.187769 3.330628
0.207523 3.877502
0.227278 4.428362
0.247033 4.976852
0.266787 5.517505
0.286542 6.045795
0.306296 6.558157
0.326051 7.052007
0.345806 7.525752
0.365560 7.978782
0.385315 8.411463
0.405069 8.825112
0.424824 9.221964
0.444579 9.605133
0.464333 9.978563
0.484088 10.346925
0.503842 10.715744
0.523597 11.091069
0.543352 11.479576
0.563106 11.888455
0.582861 12.325347
