-0.718729 4.694489
-0.632052 4.050145
-0.572375 3.596482
-0.523868 3.222396
-0.481924 2.895781
-0.444435 2.602107
-0.410225 2.333500
-0.378561 2.084974
-0.348946 1.853639
-0.321027 1.637412
-0.294543 1.435013
-0.269293 1.245553
-0.245119 1.068553
-0.221894 0.904016
-0.199515 0.751945
-0.177895 0.612555
-0.156961 0.486408
-0.136653 0.374130
-0.116918 0.276207
-0.097709 0.193239
-0.078986 0.125528
-0.060715 0.073150
-0.042864 0.035715
-0.025406 0.012237
-0.008315 0.001306
0.000100 0.000000
0.008515 0.001251
0.025605 0.010718
0.043064 0.028725
0.060915 0.053902
0.079186 0.085188
0.097908 0.121232
0.117118 0.160820
0.136853 0.202702
0.157161 0.246031
0.178095 0.289704
0.199715 0.332790
0.222094 0.374386
0.245319 0.413600
0.269493 0.449549
0.294743 0.481388
0.321227 0.508391
0.349145 0.530027
0.378760 0.546919
0.410425 0.560639
0.444635 0.574997
0.482124 0.595945
0.524068 0.631394
0.572575 0.691934
0.632252 0.795659
0.718928 0.996823
