-0.983333 8.275889
-0.950000 8.019269
-0.916667 7.759006
-0.883333 7.494891
-0.850000 7.226925
-0.816667 6.954889
-0.783333 6.678712
-0.750000 6.398332
-0.716667 6.113615
-0.683333 5.824432
-0.650000 5.530764
-0.616667 5.232483
-0.583333 4.929558
-0.550000 4.621910
-0.516667 4.309615
-0.483333 3.992807
-0.450000 3.671448
-0.416667 3.345903
-0.383333 3.016571
-0.350000 2.684079
-0.316667 2.349468
-0.283333 2.014186
-0.250000 1.680766
-0.216667 1.352765
-0.183333 1.035612
-0.150000 0.737252
-0.116667 0.469142
-0.083333 0.246878
-0.050000 0.088971
-0.016667 0.009549
0.000100 0.000000
0.016667 0.008565
0.050000 0.069246
0.083333 0.168727
0.116667 0.288155
0.150000 0.414467
0.183333 0.539358
0.216667 0.657394
0.250000 0.765239
0.283333 0.860411
0.316667 0.941060
0.350000 1.005997
0.383333 1.054553
0.416667 1.087286
0.450000 1.106994
0.483333 1.119217
0.516667 1.130809
0.550000 1.147444
0.583333 1.172538
0.616667 1.207633
0.650000 1.252904
0.683333 1.308216
0.716667 1.372690
0.750000 1.445783
0.783333 1.526547
0.816667 1.614232
0.850000 1.708022
0.883333 1.807375
0.916667 1.911619
0.950000 2.020201
0.983333 2.132632
