-0.580554 68.730011
-0.565235 63.607780
-0.549916 58.711391
-0.534597 54.038288
-0.519278 49.585800
-0.503959 45.351139
-0.488640 41.331409
-0.473321 37.523636
-0.458002 33.924747
-0.442683 30.531569
-0.427365 27.340822
-0.412046 24.349125
-0.396727 21.553020
-0.381408 18.948835
-0.366089 16.532906
-0.350770 14.301411
-0.335451 12.250413
-0.320132 10.375860
-0.304813 8.673589
-0.289494 7.139315
-0.274175 5.768643
-0.258856 4.557063
-0.243538 3.499949
-0.228219 2.592597
-0.212900 1.830087
-0.197581 1.207517
-0.182262 0.719833
-0.166943 0.361885
-0.151624 0.128430
-0.136305 0.014142
-0.128646 0.000000
-0.120986 0.013618
-0.105667 0.121384
-0.090348 0.331908
-0.075029 0.639607
-0.059711 1.038861
-0.044392 1.524024
-0.029073 2.089438
-0.013754 2.729447
0.001565 3.438415
0.016884 4.210737
0.032203 5.040820
0.047522 5.923259
0.062841 6.852626
0.078160 7.823632
0.093479 8.831119
0.108798 9.870072
0.124116 10.935646
0.139435 12.023178
0.154754 13.128214
0.170073 14.246521
0.185392 15.374110
0.200711 16.507254
0.216030 17.642496
0.231349 18.776674
0.246668 19.906929
0.261987 21.030716
0.277306 22.145819
0.292625 23.250349
0.307943 24.342762
0.323262 25.421854
