-0.792417 25.967361
-0.762293 25.151669
-0.732168 24.322676
-0.702043 23.480110
-0.671919 22.623434
-0.641794 21.752169
-0.611669 20.865828
-0.581545 19.963921
-0.551420 19.045969
-0.521295 18.111506
-0.491171 17.160097
-0.461046 16.191370
-0.430921 15.205048
-0.400797 14.201097
-0.370672 13.179314
-0.340547 12.140168
-0.310423 11.084393
-0.280298 10.013454
-0.250173 8.929743
-0.220049 7.837035
-0.189924 6.741231
-0.159799 5.651463
-0.129675 4.581407
-0.099550 3.551528
-0.069425 2.590468
-0.039301 1.735239
-0.009176 1.027218
0.020949 0.502140
0.051073 0.173583
0.081198 0.022309
0.099619 0.000000
0.111322 0.007941
0.141447 0.089390
0.171572 0.233988
0.201696 0.418449
0.231821 0.627157
0.261946 0.850289
0.292070 1.082584
0.322195 1.322388
0.352320 1.570732
0.382444 1.829808
0.412569 2.101567
0.442694 2.387428
0.472818 2.687650
0.502943 3.002002
0.533068 3.330209
0.563192 3.671554
0.593317 4.025269
0.623442 4.390728
0.653566 4.766978
0.683691 5.153382
0.713816 5.548789
0.743940 5.952434
0.774065 6.363593
0.804190 6.781258
0.834314 7.204725
0.864439 7.633277
0.894564 8.066123
0.924688 8.502876
0.954813 8.942714
0.984938 9.385100
