-0.983333 1.945235
-0.950000 1.805537
-0.916667 1.667288
-0.883333 1.530917
-0.850000 1.396490
-0.816667 1.264598
-0.783333 1.135474
-0.750000 1.009722
-0.716667 0.888002
-0.683333 0.770639
-0.650000 0.658603
-0.616667 0.552523
-0.583333 0.453481
-0.550000 0.362178
-0.516667 0.279893
-0.483333 0.207703
-0.450000 0.146473
-0.416667 0.097176
-0.383333 0.060255
-0.350000 0.035335
-0.316667 0.021366
-0.283333 0.015969
-0.250000 0.016050
-0.216667 0.018378
-0.183333 0.020278
-0.150000 0.020049
-0.116667 0.017068
-0.083333 0.011753
-0.050000 0.005566
-0.016667 0.000824
0.000102 0.000000
0.016667 0.000991
0.050000 0.010326
0.083333 0.033360
0.116667 0.074568
0.150000 0.136580
0.183333 0.220594
0.216667 0.325578
0.250000 0.449506
0.283333 0.589932
0.316667 0.744036
0.350000 0.909322
0.383333 1.083585
0.416667 1.265075
0.450000 1.452065
0.483333 1.643471
0.516667 1.838039
0.550000 2.035028
0.583333 2.233680
0.616667 2.433474
0.650000 2.633752
0.683333 2.834282
0.716667 3.034656
0.750000 3.234717
0.783333 3.434059
0.816667 3.632663
0.850000 3.830365
0.883333 4.027000
0.916667 4.222413
0.950000 4.416667
0.983333 4.609563
