-0.382892 8.930142
-0.364149 8.634373
-0.345407 8.332543
-0.326665 8.024647
-0.307923 7.710127
-0.289180 7.388746
-0.270438 7.060305
-0.251696 6.724404
-0.232953 6.380751
-0.214211 6.028926
-0.195469 5.668559
-0.176727 5.299493
-0.157984 4.921429
-0.139242 4.534289
-0.120500 4.138076
-0.101758 3.733103
-0.083015 3.320564
-0.064273 2.902001
-0.045531 2.480789
-0.026788 2.062538
-0.008046 1.656250
0.010696 1.275230
0.029438 0.935342
0.048181 0.650611
0.066923 0.426877
0.085665 0.260709
0.104408 0.143957
0.123150 0.067254
0.141892 0.022345
0.160634 0.002290
0.170005 0.000000
0.179377 0.002185
0.198119 0.017938
0.216861 0.046838
0.235603 0.086696
0.254346 0.135948
0.273088 0.193427
0.291830 0.258254
0.310573 0.329750
0.329315 0.407368
0.348057 0.490642
0.366799 0.579159
0.385542 0.672536
0.404284 0.770407
0.423026 0.872520
0.441768 0.978239
0.460511 1.087532
0.479253 1.199988
0.497995 1.315383
0.516738 1.433301
0.535480 1.553436
0.554222 1.675733
0.572964 1.799875
0.591707 1.925650
0.610449 2.052950
0.629191 2.181338
0.647933 2.310906
0.666676 2.441471
0.685418 2.572831
0.704160 2.704789
0.722903 2.837383
