-0.983333 9.482740
-0.950000 9.203681
-0.916667 8.920075
-0.883333 8.631980
-0.850000 8.339133
-0.816667 8.041436
-0.783333 7.738699
-0.750000 7.430635
-0.716667 7.117286
-0.683333 6.798205
-0.650000 6.473432
-0.616667 6.142727
-0.583333 5.805898
-0.550000 5.462821
-0.516667 5.113324
-0.483333 4.757424
-0.450000 4.395018
-0.416667 4.026320
-0.383333 3.651394
-0.350000 3.270818
-0.316667 2.885459
-0.283333 2.496386
-0.250000 2.105830
-0.216667 1.717045
-0.183333 1.335240
-0.150000 0.968608
-0.116667 0.630051
-0.083333 0.339684
-0.050000 0.125062
-0.016667 0.013606
0.000100 0.000000
0.016667 0.012152
0.050000 0.096830
0.083333 0.232936
0.116667 0.393031
0.150000 0.560315
0.183333 0.724727
0.216667 0.880402
0.250000 1.023771
0.283333 1.152514
0.316667 1.264998
0.350000 1.359904
0.383333 1.436653
0.416667 1.495211
0.450000 1.537322
0.483333 1.567427
0.516667 1.592248
0.550000 1.618329
0.583333 1.650507
0.616667 1.691233
0.650000 1.741263
0.683333 1.800854
0.716667 1.869484
0.750000 1.946522
0.783333 2.031247
0.816667 2.122791
0.850000 2.220685
0.883333 2.324126
0.916667 2.432533
0.950000 2.545353
0.983333 2.662100
