-0.983333 11.125705
-0.950000 10.831979
-0.916667 10.533217
-0.883333 10.229268
-0.850000 9.919991
-0.816667 9.605124
-0.783333 9.284499
-0.750000 8.957720
-0.716667 8.624666
-0.683333 8.285009
-0.650000 7.938535
-0.616667 7.584931
-0.583333 7.223838
-0.550000 6.854939
-0.516667 6.477993
-0.483333 6.092737
-0.450000 5.698673
-0.416667 5.295772
-0.383333 4.883754
-0.350000 4.462485
-0.316667 4.032192
-0.283333 3.593197
-0.250000 3.146295
-0.216667 2.693206
-0.183333 2.236864
-0.150000 1.782097
-0.116667 1.337584
-0.083333 0.917535
-0.050000 0.544907
-0.016667 0.251308
0.016667 0.068452
0.050000 0.001534
0.056101 0.000000
0.083333 0.024662
0.116667 0.106742
0.150000 0.224439
0.183333 0.362337
0.216667 0.511249
0.250000 0.665313
0.283333 0.821392
0.316667 0.977516
0.350000 1.132708
0.383333 1.286904
0.416667 1.440204
0.450000 1.593062
0.483333 1.745915
0.516667 1.899554
0.550000 2.054316
0.583333 2.210608
0.616667 2.368734
0.650000 2.528665
0.683333 2.690630
0.716667 2.854499
0.750000 3.020064
0.783333 3.187332
0.816667 3.356050
0.850000 3.525964
0.883333 3.697016
0.916667 3.868988
0.950000 4.041591
0.983333 4.214850
