-0.695805 103.651176
-0.672215 95.341583
-0.648625 87.438126
-0.625035 79.935715
-0.601445 72.828773
-0.577855 66.111473
-0.554265 59.777721
-0.530675 53.821037
-0.507085 48.234600
-0.483495 43.011223
-0.459905 38.143368
-0.436315 33.623074
-0.412725 29.441969
-0.389135 25.591282
-0.365545 22.061773
-0.341955 18.843775
-0.318365 15.927148
-0.294775 13.301298
-0.271185 10.955157
-0.247595 8.877200
-0.224005 7.055462
-0.200415 5.477487
-0.176825 4.130417
-0.153235 3.001023
-0.129645 2.075680
-0.106055 1.340459
-0.082465 0.781159
-0.058875 0.383373
-0.035285 0.132558
-0.011695 0.014125
0.000100 0.000000
0.011895 0.013525
0.035485 0.116351
0.059075 0.308453
0.082665 0.576046
0.106255 0.905841
0.129845 1.285163
0.153435 1.702023
0.177025 2.145393
0.200615 2.605141
0.224205 3.072240
0.247795 3.538842
0.271385 3.998353
0.294975 4.445461
0.318565 4.876342
0.342155 5.288485
0.365745 5.683634
0.389335 6.063067
0.412925 6.427854
0.436515 6.780584
0.460105 7.124936
0.483695 7.465762
0.507285 7.808993
0.530875 8.161347
0.554465 8.530550
0.578055 8.924908
0.601645 9.353370
0.625235 9.825336
0.648825 10.350571
0.672415 10.939095
0.696005 11.601093
