-0.983333 7.482047
-0.950000 7.239042
-0.916667 6.992683
-0.883333 6.743026
-0.850000 6.490037
-0.816667 6.233539
-0.783333 5.973536
-0.750000 5.710012
-0.716667 5.442791
-0.683333 5.171857
-0.650000 4.897215
-0.616667 4.618883
-0.583333 4.336987
-0.550000 4.051366
-0.516667 3.762406
-0.483333 3.470134
-0.450000 3.175088
-0.416667 2.877421
-0.383333 2.578008
-0.350000 2.277766
-0.316667 1.977979
-0.283333 1.680491
-0.250000 1.387896
-0.216667 1.103938
-0.183333 0.833490
-0.150000 0.583982
-0.116667 0.364998
-0.083333 0.188467
-0.050000 0.066720
-0.016667 0.007079
0.000100 0.000000
0.016667 0.006420
0.050000 0.051288
0.083333 0.125503
0.116667 0.214737
0.150000 0.309097
0.183333 0.401515
0.216667 0.487410
0.250000 0.563693
0.283333 0.628205
0.316667 0.679988
0.350000 0.718853
0.383333 0.746327
0.416667 0.765951
0.450000 0.783190
0.483333 0.803671
0.516667 0.831570
0.550000 0.869063
0.583333 0.917179
0.616667 0.975699
0.650000 1.044072
0.683333 1.121509
0.716667 1.207152
0.750000 1.300033
0.783333 1.399515
0.816667 1.504772
0.850000 1.615125
0.883333 1.729995
0.916667 1.848710
0.950000 1.970939
0.983333 2.096202
