-0.983333 13.822213
-0.950000 13.529915
-0.916667 13.232509
-0.883333 12.929694
-0.850000 12.621173
-0.816667 12.306817
-0.783333 11.986293
-0.750000 11.659320
-0.716667 11.325633
-0.683333 10.984768
-0.650000 10.636419
-0.616667 10.280221
-0.583333 9.915736
-0.550000 9.542480
-0.516667 9.159939
-0.483333 8.767629
-0.450000 8.364942
-0.416667 7.951251
-0.383333 7.526179
-0.350000 7.088141
-0.316667 6.637455
-0.283333 6.172510
-0.250000 5.693225
-0.216667 5.198506
-0.183333 4.688206
-0.150000 4.162344
-0.116667 3.621701
-0.083333 3.069212
-0.050000 2.511010
-0.016667 1.959443
0.016667 1.436840
0.050000 0.974573
0.083333 0.601104
0.116667 0.328126
0.150000 0.148052
0.183333 0.045000
0.216667 0.002807
0.229158 0.000000
0.250000 0.008881
0.283333 0.053663
0.316667 0.130054
0.350000 0.232463
0.383333 0.356299
0.416667 0.498009
0.450000 0.654440
0.483333 0.822868
0.516667 1.001347
0.550000 1.187896
0.583333 1.381009
0.616667 1.579416
0.650000 1.781979
0.683333 1.987913
0.716667 2.196411
0.750000 2.406872
0.783333 2.618417
0.816667 2.831080
0.850000 3.044252
0.883333 3.257622
0.916667 3.470846
0.950000 3.683798
0.983333 3.896279
