-0.686143 121.134476
-0.660193 112.006935
-0.634243 103.221077
-0.608292 94.783211
-0.582342 86.703415
-0.556392 78.984634
-0.530442 71.633926
-0.504492 64.658432
-0.478542 58.058952
-0.452591 51.838226
-0.426641 45.998272
-0.400691 40.540237
-0.374741 35.465546
-0.348791 30.773424
-0.322841 26.461403
-0.296890 22.523457
-0.270940 18.952797
-0.244990 15.740490
-0.219040 12.880324
-0.193090 10.360946
-0.167140 8.167056
-0.141189 6.281893
-0.115239 4.687680
-0.089289 3.366056
-0.063339 2.298041
-0.037389 1.463219
-0.011438 0.840019
0.014512 0.405739
0.040462 0.138075
0.066412 0.014565
0.079387 0.000000
0.092362 0.013290
0.118312 0.112854
0.144263 0.293134
0.170213 0.535773
0.196163 0.824731
0.222113 1.146405
0.248063 1.490551
0.274013 1.850088
0.299964 2.221570
0.325914 2.604964
0.351864 3.003490
0.377814 3.424115
0.403764 3.876777
0.429714 4.374562
0.455665 4.933357
0.481615 5.571363
0.507565 6.308950
0.533515 7.168064
0.559465 8.171642
0.585415 9.343728
0.611366 10.708385
0.637316 12.289248
0.663266 14.110012
0.689216 16.192833
0.715166 18.559320
0.741117 21.230730
0.767067 24.231510
0.793017 27.579382
0.818967 31.295851
0.844917 35.396507
