-0.557978 4.273020
-0.538583 4.104414
-0.519188 3.934507
-0.499793 3.763442
-0.480398 3.591243
-0.461003 3.418123
-0.441607 3.243901
-0.422212 3.068806
-0.402817 2.892927
-0.383422 2.716567
-0.364027 2.539645
-0.344632 2.362523
-0.325237 2.185467
-0.305842 2.008838
-0.286447 1.832847
-0.267052 1.658267
-0.247657 1.485401
-0.228262 1.315217
-0.208867 1.148413
-0.189472 0.986226
-0.170077 0.829869
-0.150681 0.680873
-0.131286 0.541106
-0.111891 0.412696
-0.092496 0.298172
-0.073101 0.199741
-0.053706 0.119845
-0.034311 0.059971
-0.014916 0.020965
0.004479 0.002194
0.014177 0.000000
0.023874 0.002215
0.043269 0.018659
0.062664 0.048672
0.082059 0.089737
0.101454 0.139285
0.120850 0.195202
0.140245 0.255613
0.159640 0.319309
0.179035 0.385097
0.198430 0.452137
0.217825 0.519835
0.237220 0.587739
0.256615 0.655397
0.276010 0.722609
0.295405 0.789236
0.314800 0.855247
0.334195 0.920677
0.353590 0.985627
0.372985 1.050242
0.392381 1.114706
0.411776 1.179225
0.431171 1.244015
0.450566 1.309183
0.469961 1.375124
0.489356 1.441942
0.508751 1.509857
0.528146 1.578908
0.547541 1.649219
0.566936 1.720800
0.586331 1.793584
