-0.895831 9.645480
-0.865460 9.363688
-0.835090 9.077228
-0.804719 8.786208
-0.774349 8.490377
-0.743978 8.189644
-0.713608 7.883674
-0.683237 7.572278
-0.652867 7.255498
-0.622496 6.932880
-0.592125 6.604490
-0.561755 6.269857
-0.531384 5.929122
-0.501014 5.581755
-0.470643 5.227906
-0.440273 4.867380
-0.409902 4.500138
-0.379532 4.126236
-0.349161 3.745962
-0.318791 3.359506
-0.288420 2.967747
-0.258050 2.571890
-0.227679 2.173832
-0.197308 1.776854
-0.166938 1.386037
-0.136567 1.009303
-0.106197 0.659737
-0.075826 0.357821
-0.045456 0.132555
-0.015085 0.014358
0.000100 0.000000
0.015285 0.013187
0.045656 0.104373
0.076026 0.249695
0.106397 0.419121
0.136767 0.594156
0.167138 0.764190
0.197508 0.922718
0.227879 1.065638
0.258250 1.190051
0.288620 1.293213
0.318991 1.372801
0.379732 1.450645
0.410102 1.451273
0.440473 1.440736
0.470843 1.433859
0.501214 1.438958
0.531584 1.458932
0.561955 1.494033
0.592325 1.543242
0.622696 1.605558
0.653067 1.679426
0.683437 1.763563
0.713808 1.856623
0.744178 1.957724
0.774549 2.065848
0.804919 2.180017
0.835290 2.299510
0.865660 2.423676
0.896031 2.551913
