-0.907437 129.788284
-0.875379 119.255981
-0.843321 109.246788
-0.811263 99.755608
-0.779206 90.776871
-0.747148 82.304802
-0.715090 74.333092
-0.683032 66.855003
-0.650975 59.860619
-0.618917 53.323509
-0.586859 47.232018
-0.554801 41.577461
-0.522744 36.350624
-0.490686 31.541531
-0.458628 27.139463
-0.426570 23.132944
-0.394513 19.509598
-0.362455 16.256241
-0.330397 13.358790
-0.298339 10.802181
-0.266281 8.570448
-0.234224 6.646657
-0.202166 5.012964
-0.170108 3.650642
-0.138050 2.540152
-0.105993 1.661241
-0.073935 0.993078
-0.041877 0.514416
-0.009819 0.203819
0.022238 0.039856
0.049025 0.000000
0.054296 0.001440
0.086354 0.068152
0.118412 0.220418
0.150469 0.440100
0.182527 0.710621
0.214585 1.017390
0.246643 1.348076
0.278700 1.692742
0.310758 2.044334
0.342816 2.398427
0.374874 2.753459
0.406931 3.110642
0.438989 3.473854
0.471047 3.849295
0.503105 4.245674
0.535163 4.673970
0.567220 5.147990
0.599278 5.680607
0.631336 6.285701
0.663394 6.977839
0.695451 7.772042
0.727509 8.683388
0.759567 9.727026
0.791625 10.917813
0.823682 12.270220
0.855740 13.798217
0.887798 15.515186
0.919856 17.433882
0.951913 19.566381
0.983971 21.924086
