-0.983333 10.702720
-0.950000 10.410591
-0.916667 10.113579
-0.883333 9.811476
-0.850000 9.504174
-0.816667 9.191326
-0.783333 8.872800
-0.750000 8.548417
-0.716667 8.217894
-0.683333 7.880846
-0.650000 7.537185
-0.616667 7.186633
-0.583333 6.828810
-0.550000 6.463501
-0.516667 6.090501
-0.483333 5.709496
-0.450000 5.320304
-0.416667 4.922621
-0.383333 4.516560
-0.350000 4.101969
-0.316667 3.679271
-0.283333 3.249146
-0.250000 2.812619
-0.216667 2.371931
-0.183333 1.930725
-0.150000 1.494897
-0.116667 1.074746
-0.083333 0.686806
-0.050000 0.357460
-0.016667 0.124005
0.016667 0.012232
0.032277 0.000000
0.050000 0.012472
0.083333 0.093956
0.116667 0.225290
0.150000 0.384337
0.183333 0.557316
0.216667 0.735964
0.250000 0.915517
0.283333 1.093133
0.316667 1.267496
0.350000 1.437919
0.383333 1.604327
0.416667 1.767022
0.450000 1.926429
0.483333 2.083456
0.516667 2.238736
0.550000 2.392928
0.583333 2.546860
0.616667 2.700996
0.650000 2.855778
0.683333 3.011366
0.716667 3.168120
0.750000 3.326071
0.783333 3.485241
0.816667 3.645443
0.850000 3.806823
0.883333 3.969191
0.916667 4.132429
0.950000 4.296315
0.983333 4.460928
