-0.456456 87.417999
-0.440980 80.452194
-0.425503 73.833565
-0.410027 67.556152
-0.394550 61.613789
-0.379074 56.000156
-0.363597 50.708656
-0.348121 45.732594
-0.332644 41.065018
-0.317168 36.698784
-0.301691 32.626560
-0.286215 28.840801
-0.270738 25.333782
-0.255262 22.097555
-0.239785 19.124008
-0.224309 16.404829
-0.208832 13.931521
-0.193356 11.695411
-0.177879 9.687656
-0.162403 7.899256
-0.146927 6.321066
-0.131450 4.943808
-0.115974 3.758081
-0.100497 2.754379
-0.085021 1.923108
-0.069544 1.254605
-0.054068 0.739161
-0.038591 0.367072
-0.023115 0.128516
-0.007638 0.013879
0.000100 0.000000
0.007838 0.013481
0.023315 0.117784
0.038791 0.317253
0.054268 0.602672
0.069744 0.964889
0.085221 1.394996
0.100697 1.884336
0.116174 2.424533
0.131650 3.007536
0.147127 3.625542
0.162603 4.271347
0.178080 4.937991
0.193556 5.619010
0.209032 6.308415
0.224509 7.000719
0.239985 7.690963
0.255462 8.374742
0.270938 9.048140
0.286415 9.707973
0.301891 10.351542
0.317368 10.976768
0.332844 11.582138
0.348321 12.169093
0.363797 12.739758
0.379274 13.294073
0.394750 13.832432
0.410227 14.356027
0.425703 14.866502
0.441180 15.366058
0.456656 15.857433
