-0.447733 8.688384
-0.367091 7.661180
-0.311568 6.909865
-0.266438 6.269527
-0.227414 5.693139
-0.192535 5.159016
-0.160707 4.655345
-0.131246 4.175640
-0.103693 3.716005
-0.077718 3.274442
-0.053078 2.850847
-0.029586 2.446885
-0.007095 2.065575
0.014513 1.711622
0.035335 1.390397
0.055450 1.106151
0.074926 0.861571
0.093820 0.656282
0.112182 0.488094
0.130054 0.353048
0.147473 0.246409
0.164472 0.164028
0.181081 0.101930
0.197324 0.056982
0.213225 0.026428
0.228882 0.008172
0.244783 0.000382
0.249151 0.000000
0.261026 0.002633
0.277635 0.014596
0.294634 0.036073
0.312053 0.066876
0.329925 0.106884
0.348287 0.156028
0.367181 0.214193
0.386657 0.281560
0.406772 0.358161
0.427594 0.444164
0.449202 0.539700
0.471693 0.645389
0.495185 0.761577
0.519825 0.889005
0.545800 1.028642
0.573353 1.181728
0.602814 1.350459
0.634642 1.537195
0.669521 1.746418
0.708545 1.984823
0.753676 2.264634
0.809198 2.612855
0.889840 3.122620
