-0.983333 141.792709
-0.950000 132.992767
-0.916667 124.434929
-0.883333 116.126884
-0.850000 108.076439
-0.816667 100.291237
-0.783333 92.778572
-0.750000 85.534149
-0.716667 78.577042
-0.683333 71.915596
-0.650000 65.555428
-0.616667 59.501854
-0.583333 53.759365
-0.550000 48.324162
-0.516667 43.211456
-0.483333 38.419586
-0.450000 33.948975
-0.416667 29.799196
-0.383333 25.968428
-0.350000 22.453451
-0.316667 19.249594
-0.283333 16.350494
-0.250000 13.747821
-0.216667 11.429452
-0.183333 9.382847
-0.150000 7.594454
-0.116667 6.049105
-0.083333 4.729989
-0.050000 3.619511
-0.016667 2.699086
0.016667 1.949776
0.050000 1.352292
0.083333 0.888100
0.116667 0.539459
0.150000 0.289710
0.183333 0.124357
0.216667 0.031073
0.250000 0.000049
0.251386 0.000000
0.283333 0.024645
0.316667 0.101123
0.350000 0.229140
0.383333 0.411399
0.416667 0.653618
0.450000 0.964225
0.483333 1.353883
0.516667 1.835494
0.550000 2.423130
0.583333 3.131921
0.616667 3.977502
0.650000 4.975567
0.683333 6.141477
0.716667 7.489913
0.750000 9.034606
0.783333 10.788113
0.816667 12.761554
0.850000 14.964926
0.883333 17.406464
0.916667 20.093025
0.950000 23.030022
0.983333 26.221498
