-0.901834 118.584908
-0.871260 108.948692
-0.840686 99.789902
-0.810112 91.103867
-0.779538 82.885590
-0.748964 75.129738
-0.718390 67.830589
-0.687816 60.982048
-0.657242 54.577553
-0.626668 48.608883
-0.596094 43.072094
-0.565520 37.890144
-0.534946 33.118053
-0.504372 28.725662
-0.473798 24.703392
-0.443224 21.040985
-0.412650 17.727364
-0.382076 14.750902
-0.351502 12.099115
-0.320928 9.758677
-0.290353 7.715591
-0.259779 5.954985
-0.229205 4.461202
-0.198631 3.217821
-0.168057 2.207691
-0.137483 1.412992
-0.106909 0.815322
-0.076335 0.395805
-0.045761 0.135231
-0.015187 0.014223
0.000100 0.000000
0.015387 0.013426
0.045961 0.113777
0.076535 0.296536
0.107109 0.543969
0.137683 0.839200
0.168257 1.166700
0.198831 1.512510
0.229405 1.864493
0.259979 2.212468
0.290553 2.548531
0.321128 2.867192
0.351702 3.165232
0.382276 3.441898
0.412850 3.698790
0.443424 3.939710
0.473998 4.170689
0.504572 4.399622
0.535146 4.636513
0.565720 4.893526
0.596294 5.182205
0.626868 5.515171
0.657442 5.905711
0.688016 6.367575
0.718590 6.914752
0.749164 7.561316
0.779738 8.321119
0.810312 9.207883
0.840886 10.234920
0.871460 11.415097
0.902034 12.760776
