-0.290678 4.152338
-0.255616 3.584014
-0.231476 3.184119
-0.211854 2.854608
-0.194887 2.567086
-0.179722 2.308608
-0.165884 2.072145
-0.153075 1.853576
-0.141095 1.650058
-0.129801 1.459952
-0.119088 1.281866
-0.108874 1.115279
-0.099095 0.959547
-0.089700 0.814574
-0.080648 0.680379
-0.071902 0.557313
-0.063434 0.445479
-0.055219 0.345401
-0.047236 0.257482
-0.039465 0.182314
-0.031892 0.120256
-0.024501 0.071244
-0.017280 0.035516
-0.010217 0.012407
-0.003304 0.001386
0.000100 0.000000
0.003504 0.001361
0.010418 0.011715
0.017480 0.032287
0.024701 0.062458
0.032092 0.101724
0.039665 0.149185
0.047436 0.204329
0.055419 0.266433
0.063634 0.334700
0.072102 0.408515
0.080848 0.487595
0.089901 0.571453
0.099296 0.659852
0.109074 0.752481
0.119288 0.849188
0.130002 0.950185
0.141295 1.055507
0.153275 1.165415
0.166084 1.280406
0.179922 1.401244
0.195087 1.529419
0.212054 1.666979
0.231676 1.817804
0.255817 1.990940
0.290879 2.216284
