-0.606901 130.330627
-0.582529 120.318420
-0.558158 110.692017
-0.533786 101.463966
-0.509414 92.644814
-0.485042 84.241074
-0.460671 76.252586
-0.436299 68.682999
-0.411927 61.537083
-0.387556 54.819340
-0.363184 48.537205
-0.338812 42.685867
-0.314440 37.262253
-0.290069 32.262352
-0.265697 27.674646
-0.241325 23.488586
-0.216954 19.705685
-0.192582 16.314724
-0.168210 13.302713
-0.143838 10.655035
-0.119467 8.358060
-0.095095 6.395971
-0.070723 4.748426
-0.046352 3.393455
-0.021980 2.307489
0.002392 1.464995
0.026764 0.839434
0.051135 0.404449
0.075507 0.137016
0.099879 0.014246
0.112065 0.000000
0.124250 0.013685
0.148622 0.114406
0.172994 0.298217
0.197366 0.549554
0.221737 0.855295
0.246109 1.204892
0.270481 1.591551
0.294852 2.011516
0.319224 2.464675
0.343596 2.954649
0.367968 3.488417
0.392339 4.076365
0.416711 4.732166
0.441083 5.472345
0.465455 6.316063
0.489826 7.284729
0.514198 8.401534
0.538570 9.691044
0.562941 11.178571
0.587313 12.890182
0.611685 14.851551
0.636057 17.088083
0.660428 19.610966
0.684800 22.448212
0.709172 25.634024
0.733543 29.189293
0.757915 33.133717
0.782287 37.483730
0.806659 42.254776
0.831030 47.442497
