-0.602850 4.591030
-0.530146 3.959877
-0.480089 3.515541
-0.439401 3.149300
-0.404219 2.829598
-0.372773 2.542218
-0.344078 2.279438
-0.317518 2.036439
-0.292677 1.810265
-0.269259 1.598981
-0.247045 1.401187
-0.225865 1.216251
-0.205588 1.043484
-0.186107 0.882877
-0.167335 0.734598
-0.149200 0.598769
-0.131642 0.475886
-0.114607 0.366461
-0.098053 0.271123
-0.081941 0.190121
-0.066236 0.123958
-0.050910 0.072581
-0.035937 0.035597
-0.021293 0.012290
-0.006957 0.001331
0.000101 0.000000
0.007159 0.001283
0.021495 0.011022
0.036139 0.029656
0.051112 0.056353
0.066438 0.089894
0.082142 0.129180
0.098255 0.173123
0.114809 0.220701
0.131843 0.270963
0.149402 0.322898
0.167537 0.375855
0.186309 0.428922
0.205790 0.481269
0.226067 0.532035
0.247247 0.580140
0.269461 0.624733
0.292879 0.664487
0.317720 0.697948
0.344280 0.723495
0.372975 0.739690
0.404421 0.746397
0.439603 0.746976
0.480291 0.750708
0.530348 0.774599
0.603052 0.859651
