-0.686297 102.828773
-0.663030 95.215500
-0.639762 87.881638
-0.616494 80.832451
-0.593226 74.073387
-0.569959 67.611588
-0.546691 61.451057
-0.523423 55.596779
-0.500156 50.049873
-0.476888 44.815884
-0.453620 39.895527
-0.430352 35.288567
-0.407085 30.994827
-0.383817 27.012928
-0.360549 23.339994
-0.337282 19.972536
-0.314014 16.905159
-0.290746 14.131764
-0.267478 11.645874
-0.244211 9.439569
-0.220943 7.503346
-0.197675 5.824769
-0.174408 4.385785
-0.151140 3.175431
-0.127872 2.186428
-0.104605 1.404120
-0.081337 0.812683
-0.058069 0.395646
-0.034801 0.135546
-0.011534 0.014316
0.000100 0.000000
0.011734 0.013543
0.035002 0.114699
0.058269 0.299251
0.081537 0.549049
0.104805 0.846636
0.128073 1.175155
0.151340 1.519182
0.174608 1.864787
0.197876 2.199349
0.221143 2.512678
0.244411 2.796465
0.267679 3.044879
0.290947 3.254339
0.314214 3.423861
0.337482 3.554831
0.360750 3.651049
0.384017 3.718700
0.407285 3.766278
0.430553 3.804451
0.453821 3.845791
0.477088 3.905015
0.500356 3.998090
0.523624 4.142489
0.546891 4.356774
0.570159 4.660341
0.593427 5.073144
0.616695 5.615415
0.639962 6.307359
0.663230 7.169097
0.686498 8.220102
