-0.941766 27.100481
-0.909132 26.338299
-0.876497 25.564890
-0.843862 24.779907
-0.811228 23.982992
-0.778593 23.173780
-0.745958 22.351900
-0.713323 21.516977
-0.680689 20.668640
-0.648054 19.806608
-0.615419 18.930353
-0.582784 18.039637
-0.550150 17.134169
-0.517515 16.213825
-0.484880 15.278379
-0.452245 14.327927
-0.419611 13.362337
-0.386976 12.381877
-0.354341 11.387922
-0.321707 10.381568
-0.289072 9.364925
-0.256437 8.341453
-0.223802 7.315624
-0.191168 6.294647
-0.158533 5.288413
-0.125898 4.310760
-0.093263 3.380209
-0.060629 2.518956
-0.027994 1.750730
0.004641 1.100650
0.037275 0.595312
0.069910 0.252201
0.102545 0.063805
0.135180 0.000796
0.139368 0.000000
0.167814 0.030462
0.200449 0.126622
0.233084 0.270788
0.265719 0.451140
0.298353 0.661260
0.330988 0.898229
0.363623 1.161364
0.396257 1.450715
0.428892 1.766075
0.461527 2.106665
0.494162 2.471049
0.526796 2.857580
0.559431 3.264063
0.592066 3.688617
0.624701 4.128920
0.657335 4.583157
0.689970 5.049401
0.722605 5.526006
0.755240 6.011298
0.787874 6.503840
0.820509 7.002560
0.853144 7.506313
0.885778 8.014027
0.918413 8.524911
0.951048 9.038152
0.983683 9.553147
