-0.983333 7.083725
-0.950000 6.849129
-0.916667 6.611541
-0.883333 6.370888
-0.850000 6.127132
-0.816667 5.880220
-0.783333 5.630146
-0.750000 5.376719
-0.716667 5.120081
-0.683333 4.860099
-0.650000 4.596898
-0.616667 4.330391
-0.583333 4.060789
-0.550000 3.788041
-0.516667 3.512438
-0.483333 3.234300
-0.450000 2.953808
-0.416667 2.671617
-0.383333 2.388484
-0.350000 2.105206
-0.316667 1.823376
-0.283333 1.544630
-0.250000 1.271683
-0.216667 1.008055
-0.183333 0.758523
-0.150000 0.529643
-0.116667 0.330084
-0.083333 0.170263
-0.050000 0.060323
-0.016667 0.006447
0.000101 0.000000
0.016667 0.005806
0.050000 0.047313
0.083333 0.116851
0.116667 0.201785
0.150000 0.292631
0.183333 0.382576
0.216667 0.467175
0.250000 0.543037
0.283333 0.608144
0.316667 0.661102
0.350000 0.701341
0.383333 0.729730
0.416667 0.748933
0.450000 0.763542
0.483333 0.778982
0.516667 0.799743
0.550000 0.828966
0.583333 0.867906
0.616667 0.916881
0.650000 0.975588
0.683333 1.043408
0.716667 1.119568
0.750000 1.203269
0.783333 1.293724
0.816667 1.390222
0.850000 1.491981
0.883333 1.598607
0.916667 1.709416
0.950000 1.823934
0.983333 1.941628
