-0.983333 6.186767
-0.950000 5.971444
-0.916667 5.753693
-0.883333 5.533504
-0.850000 5.310967
-0.816667 5.085821
-0.783333 4.858161
-0.750000 4.628146
-0.716667 4.395590
-0.683333 4.160689
-0.650000 3.923361
-0.616667 3.683851
-0.583333 3.442297
-0.550000 3.198830
-0.516667 2.953621
-0.483333 2.707159
-0.450000 2.459903
-0.416667 2.212439
-0.383333 1.965646
-0.350000 1.720434
-0.316667 1.478340
-0.283333 1.241181
-0.250000 1.011362
-0.216667 0.792347
-0.183333 0.588237
-0.150000 0.404637
-0.116667 0.248246
-0.083333 0.126040
-0.050000 0.044145
-0.016667 0.004753
0.000101 0.000000
0.016667 0.004278
0.050000 0.034469
0.083333 0.085617
0.116667 0.148633
0.150000 0.216428
0.183333 0.284109
0.216667 0.348002
0.250000 0.405692
0.283333 0.455643
0.316667 0.497130
0.350000 0.530322
0.383333 0.556463
0.416667 0.577996
0.450000 0.598307
0.483333 0.620983
0.516667 0.648991
0.550000 0.684274
0.583333 0.727801
0.616667 0.779708
0.650000 0.839970
0.683333 0.908082
0.716667 0.983387
0.750000 1.065157
0.783333 1.152963
0.816667 1.246085
0.850000 1.343992
0.883333 1.446150
0.916667 1.551948
0.950000 1.661214
0.983333 1.773412
