-0.983333 10.712455
-0.950000 10.439322
-0.916667 10.161793
-0.883333 9.879701
-0.850000 9.592970
-0.816667 9.301458
-0.783333 9.004663
-0.750000 8.702072
-0.716667 8.394345
-0.683333 8.080863
-0.650000 7.761395
-0.616667 7.435778
-0.583333 7.103540
-0.550000 6.764657
-0.516667 6.418862
-0.483333 6.065736
-0.450000 5.705235
-0.416667 5.337171
-0.383333 4.961215
-0.350000 4.577432
-0.316667 4.185836
-0.283333 3.786685
-0.250000 3.380791
-0.216667 2.968923
-0.183333 2.553339
-0.150000 2.137054
-0.116667 1.725420
-0.083333 1.326761
-0.050000 0.953942
-0.016667 0.624619
0.016667 0.358626
0.050000 0.168993
0.083333 0.055284
0.116667 0.005646
0.133539 0.000000
0.150000 0.004834
0.183333 0.040127
0.216667 0.101683
0.250000 0.183186
0.283333 0.280170
0.316667 0.389568
0.350000 0.509731
0.383333 0.639113
0.416667 0.776685
0.450000 0.921483
0.483333 1.072924
0.516667 1.230186
0.550000 1.392646
0.583333 1.559443
0.616667 1.730172
0.650000 1.904265
0.683333 2.081007
0.716667 2.260129
0.750000 2.441176
0.783333 2.623713
0.816667 2.807484
0.850000 2.992024
0.883333 3.177269
0.916667 3.362920
0.950000 3.548761
0.983333 3.734651
