-0.384083 81.562447
-0.371060 75.145317
-0.358036 69.043427
-0.345013 63.251236
-0.331990 57.763096
-0.318967 52.573200
-0.305944 47.675602
-0.292921 43.064251
-0.279898 38.732822
-0.266874 34.674988
-0.253851 30.884228
-0.240828 27.353888
-0.227805 24.077164
-0.214782 21.047125
-0.201759 18.256704
-0.188736 15.698709
-0.175712 13.365821
-0.162689 11.250606
-0.149666 9.345518
-0.136643 7.642907
-0.123620 6.135025
-0.110597 4.814037
-0.097574 3.672033
-0.084550 2.701032
-0.071527 1.893035
-0.058504 1.239882
-0.045481 0.733518
-0.032458 0.365820
-0.019435 0.128669
-0.006412 0.013961
0.000100 0.000000
0.006612 0.013627
0.019635 0.119650
0.032658 0.324084
0.045681 0.619073
0.058704 0.996872
0.071727 1.449865
0.084750 1.970534
0.097774 2.551677
0.110797 3.186157
0.123820 3.867090
0.136843 4.587831
0.149866 5.341985
0.162889 6.123440
0.175912 6.926377
0.188936 7.745293
0.201959 8.575015
0.214982 9.410726
0.228005 10.247971
0.241028 11.082672
0.254051 11.911148
0.267074 12.730119
0.280098 13.536716
0.293121 14.328494
0.306144 15.103431
0.319167 15.859933
0.332190 16.596838
0.345213 17.313417
0.358236 18.009367
0.371260 18.684809
0.384283 19.340281
