-0.983333 9.247716
-0.950000 8.973099
-0.916667 8.694200
-0.883333 8.410885
-0.850000 8.123072
-0.816667 7.830541
-0.783333 7.533124
-0.750000 7.230752
-0.716667 6.923113
-0.650000 6.291846
-0.616667 5.967763
-0.583333 5.637925
-0.550000 5.302251
-0.516667 4.960409
-0.483333 4.612644
-0.450000 4.258780
-0.416667 3.899016
-0.383333 3.533555
-0.350000 3.162945
-0.316667 2.787789
-0.283333 2.409328
-0.250000 2.029612
-0.216667 1.651942
-0.183333 1.281624
-0.150000 0.926975
-0.116667 0.600903
-0.083333 0.322773
-0.050000 0.118534
-0.016667 0.012887
0.000100 0.000000
0.016667 0.011523
0.050000 0.092022
0.083333 0.221689
0.116667 0.374681
0.150000 0.534409
0.183333 0.690985
0.216667 0.838491
0.250000 0.973229
0.283333 1.092696
0.316667 1.195036
0.350000 1.278683
0.383333 1.342956
0.416667 1.388041
0.450000 1.416755
0.483333 1.435500
0.516667 1.452557
0.550000 1.474697
0.583333 1.505811
0.616667 1.547508
0.650000 1.599951
0.683333 1.662900
0.716667 1.735511
0.750000 1.816906
0.783333 1.906227
0.816667 2.002703
0.850000 2.105371
0.883333 2.213605
0.916667 2.326853
0.950000 2.444393
0.983333 2.565857
