-0.390402 6.834712
-0.332000 5.974043
-0.291791 5.353885
-0.259107 4.832314
-0.230846 4.368392
-0.205586 3.943690
-0.182536 3.548148
-0.161201 3.176024
-0.141246 2.823613
-0.122435 2.488707
-0.104591 2.170405
-0.087577 1.868486
-0.071289 1.583580
-0.055641 1.317044
-0.040562 1.070956
-0.025994 0.847681
-0.011889 0.649972
0.001794 0.480093
0.015092 0.339218
0.028034 0.227022
0.040649 0.141396
0.052960 0.079399
0.064988 0.037576
0.076751 0.012602
0.088267 0.001318
0.093937 0.000000
0.099606 0.001248
0.111122 0.010689
0.122885 0.028627
0.134913 0.054297
0.147224 0.086929
0.159839 0.125868
0.172782 0.170649
0.186079 0.220731
0.199763 0.275940
0.213867 0.335946
0.228435 0.400608
0.243514 0.469802
0.259163 0.543642
0.275451 0.622209
0.292464 0.705846
0.310308 0.794923
0.329120 0.890060
0.349074 0.992161
0.370409 1.102377
0.393459 1.222720
0.418719 1.355950
0.446980 1.506666
0.479664 1.683037
0.519873 1.903433
0.578275 2.229802
