-0.852634 114.813065
-0.823728 105.465591
-0.794821 96.590775
-0.765915 88.183556
-0.737009 80.238678
-0.708103 72.750450
-0.679196 65.712830
-0.650290 59.112896
-0.621384 52.924210
-0.592478 47.138203
-0.563571 41.747383
-0.534665 36.743649
-0.505759 32.118397
-0.476853 27.862455
-0.447947 23.966074
-0.419040 20.418812
-0.390134 17.209700
-0.361228 14.327012
-0.332322 11.758368
-0.303415 9.490681
-0.274509 7.510168
-0.245603 5.802339
-0.216697 4.352033
-0.187790 3.143431
-0.158884 2.160101
-0.129978 1.385062
-0.101072 0.800868
-0.072166 0.389703
-0.043259 0.133513
-0.014353 0.014083
0.000100 0.000000
0.014553 0.013338
0.043459 0.113408
0.072366 0.296833
0.101272 0.546822
0.130178 0.847547
0.159084 1.184179
0.187990 1.543309
0.216897 1.912855
0.245803 2.282779
0.274709 2.644699
0.303615 2.992200
0.332522 3.321598
0.361428 3.634625
0.390334 3.931371
0.419240 4.213082
0.448147 4.482991
0.477053 4.746234
0.505959 5.009560
0.534865 5.281350
0.563771 5.571257
0.592678 5.890037
0.621584 6.249332
0.650490 6.661463
0.679396 7.139224
0.708303 7.695703
0.737209 8.344110
0.766115 9.097637
0.795021 9.969324
0.823928 10.971959
0.852834 12.117994
