-0.983333 12.790018
-0.950000 12.480939
-0.916667 12.166335
-0.883333 11.845972
-0.850000 11.519597
-0.816667 11.187001
-0.783333 10.847778
-0.750000 10.501622
-0.716667 10.148323
-0.683333 9.787468
-0.650000 9.418682
-0.616667 9.041562
-0.583333 8.655678
-0.550000 8.260663
-0.516667 7.855801
-0.483333 7.440695
-0.450000 7.014874
-0.416667 6.577729
-0.383333 6.128792
-0.350000 5.667288
-0.316667 5.192921
-0.283333 4.705352
-0.250000 4.204319
-0.216667 3.690434
-0.183333 3.164862
-0.150000 2.630519
-0.116667 2.092898
-0.083333 1.563357
-0.050000 1.062320
-0.016667 0.624168
0.016667 0.292755
0.050000 0.093208
0.083333 0.009637
0.101431 0.000000
0.116667 0.005995
0.150000 0.050381
0.183333 0.121975
0.216667 0.207618
0.250000 0.299952
0.283333 0.394811
0.316667 0.490852
0.350000 0.588401
0.383333 0.688953
0.416667 0.794536
0.450000 0.907280
0.483333 1.028367
0.516667 1.158304
0.550000 1.296977
0.583333 1.443940
0.616667 1.598220
0.650000 1.759305
0.683333 1.926022
0.716667 2.097834
0.750000 2.273919
0.783333 2.453612
0.816667 2.636321
0.850000 2.821519
0.883333 3.008743
0.916667 3.197630
0.950000 3.387747
0.983333 3.578831
