-0.872688 124.300323
-0.841214 115.531395
-0.809740 107.044273
-0.778266 98.840378
-0.746793 90.929077
-0.715319 83.319778
-0.683845 76.021248
-0.652372 69.042198
-0.620898 62.393005
-0.589424 56.084221
-0.557950 50.121704
-0.526477 44.505516
-0.495003 39.239273
-0.463529 34.324928
-0.432055 29.761612
-0.400582 25.552828
-0.369108 21.700596
-0.337634 18.205788
-0.306160 15.066389
-0.274687 12.269739
-0.243213 9.804451
-0.211739 7.658741
-0.180265 5.815413
-0.148792 4.257962
-0.117318 2.977134
-0.085844 1.960684
-0.054370 1.188646
-0.022897 0.635741
0.008577 0.272722
0.040051 0.069597
0.071525 0.000521
0.074503 0.000000
0.102998 0.040833
0.134472 0.168848
0.165946 0.364094
0.197420 0.609179
0.228893 0.889257
0.260367 1.193890
0.291841 1.516752
0.323315 1.856109
0.354788 2.215101
0.386262 2.600951
0.417736 3.025625
0.449209 3.504832
0.480683 4.057822
0.512157 4.706758
0.543631 5.476040
0.575104 6.391599
0.606578 7.480041
0.638052 8.768307
0.669526 10.282506
0.700999 12.047648
0.732473 14.081534
0.763947 16.408855
0.795421 19.050894
0.826894 22.025127
0.858368 25.346647
0.889842 29.029848
0.921316 33.087563
0.952789 37.526527
0.984263 42.350883
