-0.983333 74.088852
-0.950000 68.849281
-0.916667 63.759052
-0.883333 58.826233
-0.850000 54.058510
-0.816667 49.463692
-0.783333 45.049179
-0.750000 40.821560
-0.716667 36.788486
-0.683333 32.958374
-0.650000 29.335541
-0.616667 25.924767
-0.583333 22.730679
-0.550000 19.757156
-0.516667 17.006800
-0.483333 14.481217
-0.450000 12.180700
-0.416667 10.104207
-0.383333 8.249191
-0.350000 6.611308
-0.316667 5.184927
-0.283333 3.962492
-0.250000 2.934612
-0.216667 2.089961
-0.183333 1.416295
-0.150000 0.894081
-0.116667 0.507135
-0.083333 0.241191
-0.050000 0.080511
-0.016667 0.008289
0.000100 0.000000
0.016667 0.007392
0.050000 0.060865
0.083333 0.152238
0.116667 0.266452
0.150000 0.389615
0.183333 0.509834
0.216667 0.617939
0.250000 0.707332
0.283333 0.774646
0.316667 0.819975
0.350000 0.846788
0.383333 0.862270
0.416667 0.876995
0.450000 0.904619
0.483333 0.961937
0.516667 1.067764
0.550000 1.242871
0.583333 1.509267
0.616667 1.889842
0.650000 2.407574
0.683333 3.087198
0.716667 3.961021
0.750000 5.053959
0.783333 6.387775
0.816667 7.982077
0.850000 9.853382
0.883333 12.015580
0.916667 14.479428
0.950000 17.252909
0.983333 20.340984
