-0.555992 115.338333
-0.534506 106.383362
-0.513020 97.799767
-0.491534 89.588936
-0.470048 81.761032
-0.448562 74.321899
-0.427076 67.269394
-0.405590 60.602524
-0.384104 54.324398
-0.362618 48.436737
-0.341132 42.933254
-0.319646 37.809189
-0.298160 33.060513
-0.276674 28.681890
-0.255188 24.659039
-0.233702 20.993910
-0.212216 17.679447
-0.190731 14.701862
-0.169245 12.049656
-0.126273 7.674165
-0.104787 5.920388
-0.083301 4.433980
-0.061815 3.198026
-0.040329 2.194695
-0.018843 1.405599
0.002643 0.812122
0.024129 0.394992
0.045615 0.135368
0.067101 0.014324
0.077844 0.000000
0.088587 0.013634
0.110073 0.115813
0.131559 0.304216
0.153045 0.563660
0.174531 0.880191
0.196016 1.241418
0.217502 1.637035
0.238988 2.058316
0.260474 2.499044
0.281960 2.954622
0.303446 3.423001
0.324932 3.904153
0.346418 4.399481
0.367904 4.914544
0.389390 5.456182
0.410876 6.033361
0.432362 6.656496
0.453848 7.337821
0.475334 8.090950
0.496820 8.930806
0.518306 9.873262
0.539792 10.935199
0.561277 12.133841
0.582763 13.456390
0.604249 14.972501
0.625735 16.677628
0.647221 18.589117
0.668707 20.715324
0.690193 23.066753
0.711679 25.674353
