-0.767514 113.019341
-0.712516 96.381790
-0.685017 88.554916
-0.657517 81.060616
-0.630018 73.900970
-0.602519 67.081093
-0.575020 60.608818
-0.547521 54.488365
-0.520022 48.719193
-0.492523 43.299450
-0.465024 38.229530
-0.437524 33.509178
-0.410025 29.136763
-0.382526 25.109676
-0.355027 21.423708
-0.327528 18.073812
-0.300029 15.056385
-0.272530 12.360333
-0.245031 9.973639
-0.217531 7.885483
-0.190032 6.083404
-0.162533 4.553516
-0.135034 3.280212
-0.107535 2.246782
-0.080036 1.435157
-0.052537 0.826230
-0.025038 0.400164
0.002462 0.136357
0.029961 0.014331
0.043710 0.000000
0.057460 0.013467
0.084959 0.113557
0.112458 0.295591
0.139957 0.540641
0.167456 0.833122
0.194955 1.159842
0.222455 1.509956
0.249954 1.874844
0.277453 2.248502
0.304952 2.627491
0.332451 3.011164
0.359950 3.401646
0.387449 3.803793
0.414948 4.225065
0.442447 4.675338
0.469947 5.166664
0.497446 5.712986
0.524945 6.329689
0.552444 7.033680
0.579943 7.842489
0.607442 8.774148
0.634941 9.846903
0.662440 11.078797
0.689940 12.487408
0.717439 14.089598
0.744938 15.901326
0.772437 17.937355
0.799936 20.211637
0.827435 22.736614
0.854934 25.523539
