-0.983333 42.173111
-0.950000 39.165024
-0.916667 36.246658
-0.883333 33.422455
-0.850000 30.697054
-0.816667 28.074623
-0.783333 25.559086
-0.750000 23.154358
-0.716667 20.863823
-0.683333 18.691002
-0.650000 16.638796
-0.616667 14.710015
-0.583333 12.906484
-0.550000 11.230239
-0.516667 9.682422
-0.483333 8.264097
-0.450000 6.975174
-0.416667 5.814750
-0.383333 4.780491
-0.350000 3.863781
-0.316667 3.058224
-0.283333 2.360528
-0.250000 1.766226
-0.216667 1.270385
-0.183333 0.867527
-0.150000 0.551418
-0.116667 0.315059
-0.083333 0.150952
-0.050000 0.050734
-0.016667 0.005272
0.000101 0.000000
0.016667 0.004710
0.050000 0.038947
0.083333 0.097934
0.116667 0.172187
0.150000 0.253012
0.183333 0.333290
0.216667 0.407124
0.250000 0.470438
0.283333 0.521088
0.316667 0.558879
0.350000 0.586109
0.383333 0.606833
0.416667 0.627322
0.450000 0.655725
0.483333 0.701837
0.516667 0.776802
0.550000 0.892761
0.583333 1.062454
0.616667 1.298840
0.650000 1.614710
0.683333 2.022353
0.716667 2.533243
0.750000 3.157568
0.783333 3.904758
0.816667 4.782349
0.850000 5.802239
0.883333 6.972682
0.916667 8.298431
0.950000 9.782630
0.983333 11.427351
