-0.983333 1.936929
-0.950000 1.797756
-0.916667 1.659907
-0.883333 1.523886
-0.850000 1.390025
-0.816667 1.258492
-0.783333 1.129907
-0.750000 1.004599
-0.716667 0.883252
-0.683333 0.766466
-0.650000 0.654902
-0.616667 0.549281
-0.583333 0.450706
-0.550000 0.359856
-0.516667 0.278012
-0.483333 0.206257
-0.450000 0.145401
-0.416667 0.096429
-0.383333 0.059776
-0.350000 0.035042
-0.316667 0.021184
-0.283333 0.015825
-0.250000 0.015891
-0.216667 0.018183
-0.183333 0.020057
-0.150000 0.019828
-0.116667 0.016879
-0.083333 0.011623
-0.050000 0.005508
-0.016667 0.000822
0.000102 0.000000
0.016667 0.000986
0.050000 0.010214
0.083333 0.032995
0.116667 0.073805
0.150000 0.135225
0.183333 0.218413
0.216667 0.322427
0.250000 0.445532
0.283333 0.584906
0.316667 0.737865
0.350000 0.902156
0.383333 1.075503
0.416667 1.255926
0.450000 1.442098
0.483333 1.632553
0.516667 1.826203
0.550000 2.022334
0.583333 2.220246
0.616667 2.419085
0.650000 2.618678
0.683333 2.818409
0.716667 3.018126
0.750000 3.217389
0.783333 3.416169
0.816667 3.614050
0.850000 3.811110
0.883333 4.007127
0.916667 4.201923
0.950000 4.395576
0.983333 4.587913
