-0.983333 108.916336
-0.950000 101.076797
-0.916667 93.494438
-0.883333 86.177055
-0.850000 79.132187
-0.816667 72.366486
-0.783333 65.884872
-0.750000 59.698124
-0.716667 53.812477
-0.683333 48.233490
-0.650000 42.965923
-0.616667 38.014023
-0.583333 33.381134
-0.550000 29.069407
-0.516667 25.080734
-0.483333 21.414837
-0.450000 18.070467
-0.416667 15.044856
-0.383333 12.333514
-0.350000 9.930469
-0.316667 7.827737
-0.283333 6.015300
-0.250000 4.481400
-0.216667 3.210891
-0.183333 2.184807
-0.150000 1.384330
-0.116667 0.789280
-0.083333 0.377925
-0.050000 0.127226
-0.016667 0.013226
0.000100 0.000000
0.016667 0.011919
0.050000 0.099145
0.083333 0.251504
0.116667 0.446795
0.150000 0.664546
0.183333 0.886914
0.216667 1.098756
0.250000 1.288329
0.283333 1.447552
0.316667 1.572221
0.350000 1.661887
0.383333 1.720118
0.416667 1.756200
0.450000 1.781495
0.483333 1.810075
0.516667 1.858035
0.550000 1.943735
0.583333 2.086459
0.616667 2.306573
0.650000 2.624533
0.683333 3.060539
0.716667 3.634109
0.750000 4.363718
0.783333 5.266526
0.816667 6.358179
0.850000 7.652680
0.883333 9.162208
0.916667 10.897498
0.950000 12.867309
0.983333 15.078811
