-0.849513 18.685240
-0.820712 18.037897
-0.791912 17.383198
-0.763111 16.721050
-0.734311 16.051384
-0.705510 15.374150
-0.676710 14.689326
-0.647910 13.996925
-0.619109 13.297102
-0.590309 12.589770
-0.561508 11.875247
-0.532708 11.153725
-0.503908 10.425775
-0.475107 9.691878
-0.446307 8.952858
-0.417506 8.209634
-0.388706 7.463565
-0.359906 6.716649
-0.331105 5.971023
-0.302305 5.230149
-0.273504 4.497959
-0.244704 3.780169
-0.215904 3.084178
-0.187103 2.419736
-0.158303 1.799813
-0.129502 1.240864
-0.100702 0.763044
-0.071901 0.388505
-0.043101 0.136323
-0.014301 0.014409
0.000100 0.000000
0.014500 0.013330
0.043300 0.108627
0.072101 0.270139
0.100901 0.470657
0.129701 0.688935
0.158502 0.909296
0.187302 1.120431
0.216103 1.314300
0.244903 1.485099
0.273703 1.628372
0.302504 1.741116
0.331304 1.822417
0.360105 1.873505
0.388905 1.900370
0.417705 1.913719
0.446506 1.927431
0.475306 1.954097
0.504107 2.002204
0.532907 2.076114
0.561708 2.177241
0.590508 2.305205
0.619308 2.458655
0.648109 2.635653
0.676909 2.834402
0.705710 3.052803
0.734510 3.289001
0.763310 3.541089
0.792111 3.807313
0.820911 4.086484
0.849712 4.376854
