-0.915716 12.833964
-0.883519 12.511209
-0.851322 12.182371
-0.819125 11.847188
-0.786928 11.505417
-0.754731 11.156669
-0.722534 10.800714
-0.690337 10.437072
-0.658140 10.065381
-0.625943 9.685309
-0.593747 9.296418
-0.561550 8.898050
-0.529353 8.489922
-0.497156 8.071292
-0.464959 7.641653
-0.432762 7.200408
-0.400565 6.746838
-0.368368 6.280289
-0.336171 5.800230
-0.303974 5.305841
-0.271778 4.796597
-0.239581 4.272485
-0.207384 3.733595
-0.175187 3.180946
-0.142990 2.617607
-0.110793 2.049562
-0.078596 1.489486
-0.046399 0.961753
-0.014202 0.509443
0.017995 0.188792
0.050191 0.028649
0.072858 0.000000
0.082388 0.004095
0.114585 0.069390
0.146782 0.188417
0.178979 0.338759
0.211176 0.506700
0.243373 0.684305
0.275570 0.866820
0.307767 1.051284
0.339964 1.236330
0.372160 1.421092
0.404357 1.605171
0.436554 1.788748
0.468751 1.971881
0.500948 2.154824
0.533145 2.337831
0.565342 2.521032
0.597539 2.704740
0.629736 2.889033
0.661933 3.073920
0.694129 3.259422
0.726326 3.445501
0.758523 3.632120
0.790720 3.819171
0.822917 4.006480
0.855114 4.194165
0.887311 4.381886
0.919508 4.569678
0.951705 4.757308
0.983902 4.944845
