-0.983333 10.446941
-0.950000 10.188544
-0.916667 9.926161
-0.883333 9.659738
-0.850000 9.388899
-0.816667 9.113717
-0.783333 8.833920
-0.750000 8.549273
-0.716667 8.259759
-0.683333 7.965189
-0.650000 7.665170
-0.616667 7.359692
-0.583333 7.048522
-0.550000 6.731439
-0.516667 6.408375
-0.483333 6.078900
-0.450000 5.743097
-0.416667 5.400745
-0.383333 5.051659
-0.350000 4.696036
-0.316667 4.333851
-0.283333 3.965582
-0.250000 3.591630
-0.216667 3.213316
-0.183333 2.832021
-0.150000 2.450619
-0.116667 2.073197
-0.083333 1.706069
-0.050000 1.358235
-0.016667 1.042204
0.016667 0.771635
0.050000 0.555941
0.083333 0.395068
0.116667 0.280045
0.150000 0.198913
0.183333 0.140624
0.216667 0.096864
0.250000 0.062507
0.283333 0.034991
0.316667 0.014044
0.350000 0.001877
0.367656 0.000000
0.383333 0.001511
0.416667 0.015702
0.450000 0.045901
0.483333 0.092202
0.516667 0.153802
0.550000 0.229314
0.583333 0.317395
0.616667 0.416382
0.650000 0.524971
0.683333 0.641941
0.716667 0.766110
0.750000 0.896501
0.783333 1.032120
0.816667 1.172364
0.850000 1.316478
0.883333 1.463942
0.916667 1.614205
0.950000 1.766836
0.983333 1.921351
