-0.602963 99.956146
-0.582520 92.478279
-0.562078 85.288818
-0.541635 78.391769
-0.521192 71.791504
-0.500749 65.492645
-0.480306 59.497982
-0.459863 53.809189
-0.439421 48.428028
-0.418978 43.354820
-0.398535 38.589634
-0.378092 34.130398
-0.357649 29.976883
-0.337206 26.127119
-0.316764 22.577686
-0.296321 19.323471
-0.275878 16.360079
-0.255435 13.682266
-0.234992 11.284165
-0.214549 9.157262
-0.194107 7.291059
-0.173664 5.673340
-0.153221 4.288496
-0.132778 3.119130
-0.112335 2.158014
-0.091892 1.393303
-0.071450 0.810645
-0.051007 0.396488
-0.030564 0.136388
-0.010121 0.014500
0.000100 0.000000
0.010322 0.013767
0.030765 0.116666
0.051207 0.305665
0.071650 0.563948
0.092093 0.875111
0.112536 1.223821
0.132979 1.595402
0.153422 1.976297
0.173864 2.354319
0.194307 2.718382
0.214750 3.059622
0.235193 3.370540
0.255636 3.645586
0.276079 3.881309
0.296521 4.075942
0.316964 4.229937
0.337407 4.345542
0.357850 4.426952
0.378293 4.480530
0.398736 4.514310
0.419178 4.538137
0.439621 4.563645
0.460064 4.603773
0.480507 4.672933
0.500950 4.786770
0.521393 4.961821
0.541835 5.215433
0.562278 5.565508
0.582721 6.030135
0.603164 6.627901
