-0.437476 7.031016
-0.417090 6.779858
-0.396705 6.524689
-0.376320 6.265394
-0.355934 6.001928
-0.335549 5.733967
-0.315163 5.461653
-0.294778 5.184844
-0.274393 4.903344
-0.254007 4.617301
-0.233622 4.326767
-0.213237 4.031556
-0.192851 3.732175
-0.172466 3.428806
-0.152080 3.121918
-0.131695 2.812509
-0.111310 2.501591
-0.090924 2.191016
-0.070539 1.883391
-0.050153 1.582235
-0.029768 1.292489
-0.009383 1.020389
0.011003 0.773242
0.031388 0.558070
0.051774 0.379551
0.072159 0.239359
0.092544 0.135806
0.112930 0.064835
0.133315 0.021870
0.153701 0.002303
0.163893 0.000000
0.174086 0.002214
0.194471 0.018321
0.214857 0.048211
0.235242 0.089478
0.255627 0.140771
0.276013 0.200685
0.296398 0.268236
0.316784 0.342434
0.337169 0.422616
0.357554 0.508171
0.377940 0.598571
0.398325 0.693346
0.418711 0.792078
0.439096 0.894273
0.459481 0.999784
0.479867 1.108245
0.500252 1.219280
0.520638 1.332559
0.541023 1.447992
0.561408 1.565361
0.581794 1.684213
0.602179 1.804597
0.622564 1.926323
0.642950 2.049118
0.663335 2.172757
0.683721 2.297348
0.704106 2.422624
0.724491 2.548490
0.744877 2.674851
0.765262 2.801516
