-0.802538 33.252403
-0.772243 32.356247
-0.741949 31.443665
-0.711654 30.513948
-0.681359 29.566338
-0.651064 28.600023
-0.620770 27.614149
-0.590475 26.607800
-0.560180 25.580086
-0.529885 24.529692
-0.499591 23.455799
-0.469296 22.357040
-0.439001 21.232592
-0.408706 20.080902
-0.378412 18.901039
-0.348117 17.691679
-0.317822 16.451843
-0.287527 15.180668
-0.257232 13.877680
-0.226938 12.543137
-0.196643 11.178503
-0.166348 9.787270
-0.136053 8.376507
-0.105759 6.958738
-0.075464 5.556223
-0.045169 4.205908
-0.014874 2.966099
0.015420 1.910924
0.045715 1.099155
0.076010 0.541394
0.106305 0.205123
0.136599 0.040028
0.163512 0.000000
0.166894 0.000708
0.197189 0.053451
0.227484 0.174760
0.257778 0.349407
0.288073 0.566938
0.318368 0.820472
0.348663 1.105287
0.378957 1.417510
0.409252 1.754694
0.439547 2.114352
0.469842 2.494831
0.500136 2.894351
0.530431 3.311272
0.560726 3.743976
0.591021 4.190934
0.621316 4.650396
0.651610 5.121140
0.681905 5.601504
0.712200 6.090307
0.742495 6.586308
0.772789 7.088410
0.803084 7.595600
0.833379 8.106958
0.863674 8.621610
0.893968 9.138983
0.924263 9.658455
0.954558 10.179250
0.984853 10.700955
