-0.983333 9.081031
-0.950000 8.809237
-0.916667 8.533260
-0.883333 8.252962
-0.850000 7.968111
-0.816667 7.678720
-0.783333 7.384577
-0.750000 7.085466
-0.716667 6.781333
-0.683333 6.471943
-0.650000 6.157203
-0.616667 5.837008
-0.583333 5.511100
-0.550000 5.179445
-0.516667 4.841984
-0.483333 4.498708
-0.450000 4.149691
-0.416667 3.795003
-0.383333 3.435130
-0.350000 3.070397
-0.316667 2.701816
-0.283333 2.330859
-0.250000 1.959734
-0.216667 1.591625
-0.183333 1.231962
-0.150000 0.888684
-0.116667 0.574391
-0.083333 0.307517
-0.050000 0.112580
-0.016667 0.012191
0.000100 0.000000
0.016667 0.010931
0.050000 0.087632
0.083333 0.211804
0.116667 0.358856
0.150000 0.512807
0.183333 0.664265
0.216667 0.807345
0.250000 0.938366
0.283333 1.054797
0.316667 1.154603
0.350000 1.236399
0.383333 1.298856
0.416667 1.341602
0.450000 1.366348
0.483333 1.378561
0.516667 1.386326
0.550000 1.397497
0.583333 1.416622
0.616667 1.445863
0.650000 1.485883
0.683333 1.536413
0.716667 1.596774
0.750000 1.666183
0.783333 1.743768
0.816667 1.828776
0.850000 1.920360
0.883333 2.017828
0.916667 2.120536
0.950000 2.227907
0.983333 2.339299
