-0.410124 64.109940
-0.399696 59.386745
-0.389267 54.869644
-0.378839 50.556030
-0.368411 46.443260
-0.357983 42.528625
-0.347555 38.809361
-0.337126 35.282707
-0.326698 31.945662
-0.316270 28.795366
-0.305842 25.828863
-0.295414 23.043095
-0.284985 20.434959
-0.274557 18.001307
-0.264129 15.738929
-0.253701 13.644564
-0.243273 11.714894
-0.232844 9.946548
-0.222416 8.336102
-0.211988 6.880079
-0.201560 5.574954
-0.191132 4.417148
-0.180703 3.403037
-0.170275 2.528949
-0.159847 1.791170
-0.149419 1.185968
-0.138991 0.709470
-0.128562 0.357897
-0.118134 0.127373
-0.107706 0.013991
-0.102492 0.000000
-0.097278 0.013817
-0.086849 0.122894
-0.076421 0.337244
-0.065993 0.652871
-0.055565 1.065769
-0.045137 1.571879
-0.034708 2.167226
-0.024280 2.847767
-0.013852 3.609481
-0.003424 4.448359
0.007004 5.360407
0.017433 6.341654
0.027861 7.388154
0.038289 8.495996
0.048717 9.661307
0.059145 10.880261
0.069574 12.149086
0.080002 13.464065
0.090430 14.821547
0.100858 16.217955
0.111286 17.649788
0.121715 19.113632
0.132143 20.606163
0.142571 22.124157
0.152999 23.664484
0.163427 25.224146
0.173856 26.800245
0.184284 28.390009
0.194712 29.990797
0.205140 31.600098
