-0.669931 31.218332
-0.642181 30.284662
-0.614432 29.332893
-0.586682 28.362167
-0.558932 27.371332
-0.531182 26.359903
-0.503432 25.326830
-0.475682 24.270847
-0.447932 23.191086
-0.420182 22.086401
-0.392432 20.955395
-0.364682 19.797087
-0.336933 18.610205
-0.309183 17.393654
-0.281433 16.146486
-0.253683 14.867952
-0.225933 13.557774
-0.198183 12.216669
-0.170433 10.846582
-0.142683 9.452239
-0.114933 8.042420
-0.087184 6.632897
-0.059434 5.250600
-0.031684 3.938212
-0.003934 2.753971
0.023816 1.757287
0.051566 0.987801
0.079316 0.457915
0.107066 0.148019
0.134816 0.014875
0.148691 0.000000
0.162565 0.012923
0.190315 0.106383
0.218065 0.269923
0.245815 0.486316
0.273565 0.743622
0.301315 1.033584
0.329065 1.350128
0.356815 1.688567
0.384565 2.045541
0.412315 2.418233
0.440064 2.804335
0.467814 3.202371
0.495564 3.610901
0.523314 4.028709
0.551064 4.455035
0.578814 4.888820
0.606564 5.329669
0.634314 5.776556
0.662064 6.228967
0.689813 6.686353
0.717563 7.148070
0.745313 7.613561
0.773063 8.082298
0.800813 8.553784
0.828563 9.027555
0.856313 9.503177
0.884063 9.980248
0.911813 10.458402
0.939562 10.937297
0.967312 11.416622
