-0.983333 5.532581
-0.950000 5.329539
-0.916667 5.124492
-0.883333 4.917442
-0.850000 4.708395
-0.816667 4.497362
-0.783333 4.284398
-0.750000 4.069634
-0.716667 3.852922
-0.683333 3.634482
-0.650000 3.414444
-0.616667 3.193087
-0.583333 2.970349
-0.550000 2.746687
-0.516667 2.522443
-0.483333 2.298166
-0.450000 2.074181
-0.416667 1.851387
-0.383333 1.630693
-0.350000 1.413399
-0.316667 1.200853
-0.283333 0.995204
-0.250000 0.798865
-0.216667 0.615019
-0.183333 0.447560
-0.150000 0.301006
-0.116667 0.180152
-0.083333 0.089205
-0.050000 0.030547
-0.016667 0.003208
0.000108 0.000000
0.016667 0.002856
0.050000 0.023088
0.083333 0.057194
0.116667 0.099220
0.150000 0.144486
0.183333 0.189378
0.216667 0.231588
0.250000 0.269301
0.283333 0.301440
0.316667 0.327545
0.350000 0.347814
0.383333 0.363197
0.416667 0.375434
0.450000 0.386908
0.483333 0.400233
0.516667 0.417755
0.550000 0.441204
0.583333 0.471616
0.616667 0.509439
0.650000 0.554585
0.683333 0.606994
0.716667 0.666156
0.750000 0.731593
0.783333 0.802790
0.816667 0.879235
0.850000 0.960435
0.883333 1.045927
0.916667 1.135166
0.950000 1.227953
0.983333 1.323843
