-0.983333 7.800893
-0.950000 7.551782
-0.916667 7.299252
-0.883333 7.043311
-0.850000 6.783659
-0.816667 6.520319
-0.783333 6.253268
-0.750000 5.982438
-0.716667 5.707603
-0.683333 5.428869
-0.650000 5.146115
-0.616667 4.859313
-0.583333 4.568492
-0.550000 4.273671
-0.516667 3.975032
-0.483333 3.672554
-0.450000 3.366590
-0.416667 3.057528
-0.383333 2.745924
-0.350000 2.432702
-0.316667 2.118738
-0.283333 1.806053
-0.250000 1.497066
-0.216667 1.195401
-0.183333 0.906384
-0.150000 0.637811
-0.116667 0.400222
-0.083333 0.207335
-0.050000 0.073443
-0.016667 0.007794
0.000105 0.000000
0.016667 0.006940
0.050000 0.055879
0.083333 0.136567
0.116667 0.234069
0.150000 0.337876
0.183333 0.441245
0.216667 0.539807
0.250000 0.630677
0.283333 0.712056
0.316667 0.782746
0.350000 0.842493
0.383333 0.891597
0.416667 0.931390
0.450000 0.964347
0.483333 0.993909
0.516667 1.023783
0.550000 1.057061
0.583333 1.096131
0.616667 1.142092
0.650000 1.195567
0.683333 1.256536
0.716667 1.324721
0.750000 1.399686
0.783333 1.480917
0.816667 1.567881
0.850000 1.660050
0.883333 1.756764
0.916667 1.857808
0.950000 1.962629
0.983333 2.070826
