-0.729178 31.087791
-0.700116 30.182917
-0.671055 29.261152
-0.641993 28.321760
-0.612931 27.363972
-0.583869 26.386953
-0.554807 25.389833
-0.525746 24.371691
-0.496684 23.331554
-0.467622 22.268408
-0.438560 21.181099
-0.409498 20.068594
-0.380436 18.929968
-0.351375 17.763910
-0.322313 16.569748
-0.293251 15.346597
-0.264189 14.093957
-0.235127 12.811903
-0.206066 11.501336
-0.177004 10.164782
-0.147942 8.807235
-0.118880 7.437664
-0.089818 6.071658
-0.060756 4.735881
-0.031695 3.473832
-0.002633 2.347783
0.026429 1.425181
0.055491 0.748941
0.084553 0.314994
0.113614 0.082018
0.142676 0.001614
0.147620 0.000000
0.171738 0.033478
0.200800 0.147923
0.229862 0.324621
0.258924 0.549342
0.287985 0.812491
0.317047 1.107578
0.346109 1.429595
0.375171 1.775257
0.404233 2.142040
0.433295 2.527108
0.462356 2.929354
0.491418 3.346964
0.520480 3.778485
0.549542 4.222648
0.578604 4.677847
0.607665 5.143135
0.636727 5.617314
0.665789 6.099051
0.694851 6.587527
0.723913 7.081598
0.752975 7.580490
0.782036 8.083277
0.811098 8.589452
0.840160 9.098147
0.869222 9.608712
0.898284 10.120800
0.927345 10.633841
0.956407 11.147401
0.985469 11.661160
