-0.983333 7.292470
-0.950000 7.053663
-0.916667 6.811507
-0.883333 6.566309
-0.850000 6.317688
-0.816667 6.065624
-0.783333 5.809968
-0.750000 5.550774
-0.716667 5.287938
-0.683333 5.021567
-0.650000 4.751468
-0.616667 4.477908
-0.583333 4.200846
-0.550000 3.920470
-0.516667 3.636869
-0.483333 3.350291
-0.450000 3.061177
-0.416667 2.769939
-0.383333 2.477407
-0.350000 2.184434
-0.316667 1.892547
-0.283333 1.603505
-0.250000 1.320139
-0.216667 1.046101
-0.183333 0.786348
-0.150000 0.548088
-0.116667 0.340609
-0.083333 0.174814
-0.050000 0.061582
-0.016667 0.006533
0.000106 0.000000
0.016667 0.005851
0.050000 0.047538
0.083333 0.117251
0.116667 0.202737
0.150000 0.295085
0.183333 0.388290
0.216667 0.478457
0.250000 0.562867
0.283333 0.640013
0.316667 0.708888
0.350000 0.769142
0.383333 0.821028
0.416667 0.865480
0.450000 0.904198
0.483333 0.939523
0.516667 0.974113
0.550000 1.010375
0.583333 1.050444
0.616667 1.095577
0.650000 1.146532
0.683333 1.203605
0.716667 1.266655
0.750000 1.335677
0.783333 1.410249
0.816667 1.489999
0.850000 1.574515
0.883333 1.663392
0.916667 1.756238
0.950000 1.852679
0.983333 1.952369
