-0.967986 16.540920
-0.934911 16.192074
-0.901835 15.836082
-0.868760 15.472897
-0.835684 15.102131
-0.802609 14.723262
-0.769534 14.335896
-0.736458 13.939564
-0.703383 13.533785
-0.670307 13.118066
-0.637232 12.691663
-0.604157 12.254000
-0.571081 11.804296
-0.538006 11.341819
-0.504930 10.865675
-0.471855 10.374768
-0.438780 9.868054
-0.405704 9.344200
-0.372629 8.801878
-0.339554 8.239576
-0.306478 7.655586
-0.273403 7.047838
-0.240327 6.414250
-0.207252 5.752638
-0.174177 5.060949
-0.141101 4.337610
-0.108026 3.582870
-0.074950 2.801334
-0.041875 2.009258
-0.008800 1.251394
0.024276 0.622307
0.057351 0.221450
0.090427 0.039158
0.119056 0.000000
0.123502 0.000818
0.156577 0.046731
0.189653 0.141511
0.222728 0.265014
0.255804 0.405699
0.288879 0.557072
0.321954 0.715509
0.355030 0.879364
0.388105 1.047726
0.421181 1.220427
0.454256 1.397383
0.487331 1.578879
0.520407 1.764831
0.553482 1.955055
0.586558 2.149326
0.619633 2.347311
0.652708 2.548607
0.685784 2.752807
0.718859 2.959381
0.751935 3.168136
0.785010 3.378564
0.818085 3.590337
0.851161 3.802992
0.884236 4.016539
0.917311 4.230365
0.950387 4.444500
0.983462 4.658711
