-0.444772 74.273781
-0.431111 68.584702
-0.417450 63.161644
-0.403789 58.000610
-0.390129 53.097458
-0.376468 48.448002
-0.362807 44.047867
-0.349146 39.892605
-0.335485 35.977654
-0.321824 32.298332
-0.308163 28.849852
-0.294503 25.627298
-0.280842 22.625650
-0.267181 19.839766
-0.253520 17.264395
-0.239859 14.894175
-0.226198 12.723636
-0.212537 10.747201
-0.198876 8.959189
-0.185216 7.353823
-0.171555 5.925227
-0.157894 4.667437
-0.144233 3.574405
-0.130572 2.640004
-0.116911 1.858039
-0.103250 1.222251
-0.089590 0.726356
-0.075929 0.363913
-0.062268 0.128636
-0.048607 0.014034
-0.041777 0.000000
-0.034946 0.013736
-0.021285 0.121318
-0.007624 0.330345
0.006036 0.634478
0.019697 1.027381
0.033358 1.502789
0.047019 2.054516
0.060680 2.676470
0.074341 3.362671
0.088002 4.107271
0.101662 4.904567
0.115323 5.748947
0.128984 6.635152
0.142645 7.557982
0.156306 8.512493
0.169967 9.493972
0.183628 10.497958
0.197289 11.520253
0.210949 12.556940
0.224610 13.604392
0.238271 14.659289
0.251932 15.718634
0.265593 16.779673
0.279254 17.840151
0.292915 18.898026
0.306575 19.951637
0.320236 20.999701
0.333897 22.041092
0.347558 23.075449
0.361219 24.104559
