-0.983333 51.949596
-0.950000 48.319901
-0.916667 44.794617
-0.883333 41.379253
-0.850000 38.079494
-0.816667 34.900723
-0.783333 31.848082
-0.750000 28.926863
-0.716667 26.141592
-0.683333 23.497087
-0.650000 20.997648
-0.616667 18.647247
-0.583333 16.441490
-0.550000 14.375321
-0.516667 12.451533
-0.483333 10.672164
-0.450000 9.038369
-0.416667 7.551406
-0.383333 6.211113
-0.350000 5.016554
-0.316667 3.965685
-0.283333 3.055249
-0.250000 2.280913
-0.216667 1.636238
-0.183333 1.113770
-0.150000 0.705172
-0.116667 0.401210
-0.083333 0.191336
-0.050000 0.063990
-0.016667 0.006666
0.000100 0.000000
0.016667 0.005951
0.050000 0.048603
0.083333 0.121609
0.116667 0.212920
0.150000 0.311345
0.183333 0.407579
0.216667 0.493847
0.250000 0.564842
0.283333 0.617756
0.316667 0.652475
0.350000 0.671583
0.383333 0.680713
0.416667 0.688004
0.450000 0.704274
0.483333 0.742560
0.516667 0.817703
0.550000 0.945956
0.583333 1.144521
0.616667 1.431105
0.650000 1.823432
0.683333 2.338751
0.716667 2.993284
0.750000 3.802004
0.783333 4.777817
0.816667 5.932043
0.850000 7.273387
0.883333 8.808960
0.916667 10.543398
0.950000 12.479279
0.983333 14.627223
