-0.983333 50.650005
-0.950000 47.398178
-0.883333 41.155479
-0.850000 38.173416
-0.816667 35.290039
-0.783333 32.510361
-0.750000 29.839087
-0.716667 27.279371
-0.683333 24.834454
-0.650000 22.507429
-0.616667 20.301203
-0.583333 18.217945
-0.550000 16.260336
-0.516667 14.430395
-0.483333 12.729239
-0.450000 11.157215
-0.416667 9.713888
-0.383333 8.397877
-0.350000 7.206912
-0.316667 6.132331
-0.283333 5.166753
-0.250000 4.307347
-0.216667 3.549526
-0.183333 2.887201
-0.150000 2.315441
-0.116667 1.829958
-0.083333 1.425488
-0.050000 1.095337
-0.016667 0.831870
0.016667 0.626284
0.050000 0.469470
0.083333 0.352102
0.116667 0.265221
0.150000 0.200766
0.183333 0.151489
0.216667 0.111945
0.250000 0.078257
0.283333 0.048830
0.316667 0.023885
0.350000 0.006102
0.379743 0.000000
0.383333 0.000123
0.416667 0.012714
0.450000 0.052212
0.483333 0.128707
0.516667 0.253442
0.550000 0.438236
0.583333 0.695293
0.616667 1.037053
0.650000 1.475340
0.683333 2.021348
0.716667 2.685314
0.750000 3.476189
0.783333 4.401751
0.816667 5.468387
0.850000 6.687012
0.883333 8.064881
0.916667 9.605308
0.950000 11.310166
0.983333 13.180228
