-0.685378 106.795212
-0.662142 98.171547
-0.638905 89.975960
-0.615669 82.202507
-0.592432 74.844917
-0.569196 67.896652
-0.545959 61.350739
-0.522723 55.199989
-0.499486 49.436737
-0.476249 44.053013
-0.453013 39.040428
-0.429776 34.390167
-0.406540 30.092991
-0.383303 26.139248
-0.360067 22.518833
-0.336830 19.221209
-0.313594 16.235334
-0.290357 13.549788
-0.267120 11.152652
-0.243884 9.031574
-0.220647 7.173775
-0.197411 5.566061
-0.174174 4.194859
-0.150938 3.046208
-0.127701 2.105875
-0.104465 1.359317
-0.081228 0.791802
-0.057991 0.388441
-0.034755 0.134277
-0.011518 0.014303
0.000100 0.000000
0.011718 0.013691
0.034955 0.117772
0.058191 0.312103
0.081428 0.582781
0.104665 0.916343
0.127901 1.299936
0.151138 1.721550
0.174374 2.169976
0.197611 2.635002
0.220847 3.107493
0.244084 3.579414
0.267320 4.044086
0.290557 4.498980
0.313794 4.942753
0.337030 5.372123
0.360267 5.785014
0.383503 6.180781
0.406740 6.560159
0.429976 6.925239
0.453213 7.279289
0.476450 7.626859
0.499686 7.973592
0.522923 8.326125
0.546159 8.691999
0.569396 9.079555
0.592632 9.497808
0.615869 9.956351
0.639105 10.465238
0.662342 11.034874
0.685579 11.675926
