-0.640665 17.499846
-0.618944 16.888618
-0.597223 16.270769
-0.575503 15.646227
-0.553782 15.014958
-0.532061 14.376947
-0.510340 13.732304
-0.488619 13.080877
-0.466898 12.422790
-0.445177 11.758362
-0.423457 11.087737
-0.401736 10.411333
-0.380015 9.729368
-0.358294 9.042600
-0.336573 8.351769
-0.314852 7.657888
-0.293131 6.962245
-0.271411 6.266809
-0.249690 5.573528
-0.227969 4.885653
-0.206248 4.206828
-0.184527 3.541981
-0.162806 2.897501
-0.141085 2.281756
-0.119365 1.705013
-0.097644 1.181837
-0.075923 0.731777
-0.054202 0.376295
-0.032481 0.133883
-0.010760 0.014382
0.000100 0.000000
0.010961 0.013576
0.032681 0.113081
0.054402 0.287470
0.076123 0.512249
0.097844 0.767174
0.119565 1.037358
0.141286 1.311707
0.163007 1.582408
0.184727 1.843644
0.206448 2.091259
0.228169 2.321866
0.249890 2.532820
0.271611 2.721909
0.293332 2.887187
0.315053 3.026931
0.336773 3.139549
0.358494 3.224210
0.380215 3.280648
0.401936 3.310397
0.423657 3.317450
0.445378 3.309584
0.467099 3.296678
0.488819 3.288342
0.510540 3.291320
0.532261 3.309868
0.553982 3.345778
0.575703 3.399861
0.597424 3.471685
0.619144 3.560746
0.640865 3.666304
