-0.983333 108.641693
-0.950000 100.939720
-0.916667 93.476219
-0.883333 86.260391
-0.850000 79.300980
-0.816667 72.606827
-0.783333 66.186340
-0.750000 60.047676
-0.716667 54.198296
-0.683333 48.644398
-0.650000 43.391270
-0.616667 38.447285
-0.583333 33.814556
-0.550000 29.492594
-0.516667 25.484571
-0.483333 21.792456
-0.450000 18.416880
-0.416667 15.356560
-0.383333 12.607424
-0.350000 10.164057
-0.316667 8.020814
-0.283333 6.169528
-0.250000 4.599162
-0.216667 3.296227
-0.183333 2.245989
-0.150000 1.428917
-0.116667 0.820106
-0.083333 0.395270
-0.050000 0.133704
-0.016667 0.013967
0.000100 0.000000
0.016667 0.012637
0.050000 0.105288
0.083333 0.267470
0.116667 0.475541
0.150000 0.707101
0.183333 0.942430
0.216667 1.164430
0.250000 1.360726
0.283333 1.523490
0.316667 1.649564
0.350000 1.740968
0.383333 1.803793
0.416667 1.847662
0.450000 1.886332
0.483333 1.937323
0.516667 2.021509
0.550000 2.162429
0.583333 2.385575
0.616667 2.718236
0.650000 3.188096
0.683333 3.822987
0.716667 4.650175
0.750000 5.695808
0.783333 6.984431
0.816667 8.538695
0.850000 10.378605
0.883333 12.522295
0.916667 14.984907
0.950000 17.779305
0.983333 20.915613
