-0.891229 107.902260
-0.860994 99.986298
-0.830758 92.354790
-0.800523 85.015236
-0.770288 77.972916
-0.740053 71.231110
-0.709818 64.794510
-0.679582 58.667374
-0.649347 52.853558
-0.619112 47.356220
-0.588877 42.179092
-0.558641 37.323761
-0.528406 32.790085
-0.498171 28.578077
-0.467936 24.686218
-0.437701 21.111916
-0.407465 17.851963
-0.377230 14.901812
-0.346995 12.255914
-0.316760 9.909044
-0.286525 7.850203
-0.256289 6.068455
-0.226054 4.551742
-0.195819 3.286180
-0.165584 2.256168
-0.135349 1.444374
-0.105113 0.831844
-0.074878 0.399834
-0.044643 0.135507
-0.014408 0.014275
0.000710 0.000000
0.015827 0.013420
0.046063 0.114031
0.076298 0.297499
0.106533 0.546393
0.136768 0.844030
0.167003 1.175221
0.197239 1.526919
0.227474 1.887935
0.257709 2.250149
0.287944 2.607862
0.318180 2.958329
0.348415 3.301746
0.378650 3.641078
0.408885 3.982446
0.439120 4.334258
0.469356 4.707641
0.499591 5.116861
0.529826 5.579486
0.560061 6.111606
0.590296 6.730597
0.620532 7.454423
0.650767 8.301386
0.681002 9.289503
0.711237 10.436642
0.741472 11.759862
0.771708 13.275299
0.801943 14.997973
0.832178 16.941668
0.862413 19.118845
0.892648 21.540638
