-0.983333 8.349257
-0.950000 8.086500
-0.916667 7.819886
-0.883333 7.549335
-0.850000 7.274741
-0.816667 6.995952
-0.783333 6.712927
-0.750000 6.425470
-0.716667 6.133479
-0.683333 5.836918
-0.650000 5.535674
-0.616667 5.229664
-0.583333 4.918883
-0.550000 4.603225
-0.516667 4.282869
-0.483333 3.957818
-0.450000 3.628393
-0.416667 3.294795
-0.383333 2.957727
-0.350000 2.617876
-0.316667 2.276558
-0.283333 1.935631
-0.250000 1.597672
-0.216667 1.266798
-0.183333 0.948903
-0.150000 0.652643
-0.116667 0.391109
-0.083333 0.181887
-0.050000 0.045996
-0.017310 0.000000
-0.016667 -0.000007
0.016667 0.042950
0.050000 0.154277
0.083333 0.308283
0.116667 0.484759
0.150000 0.670766
0.183333 0.858535
0.216667 1.043353
0.250000 1.222751
0.283333 1.395234
0.316667 1.560146
0.350000 1.717250
0.383333 1.866940
0.416667 2.009694
0.450000 2.146305
0.483333 2.277668
0.516667 2.405079
0.550000 2.529655
0.583333 2.652574
0.616667 2.774889
0.650000 2.897353
0.683333 3.020810
0.716667 3.145653
0.750000 3.272173
0.783333 3.400526
0.816667 3.530773
0.850000 3.662767
0.883333 3.796599
0.916667 3.932083
0.950000 4.069103
0.983333 4.207510
