-0.634783 17.467028
-0.613262 16.856726
-0.591740 16.239939
-0.570219 15.616307
-0.548697 14.986096
-0.527176 14.349191
-0.505654 13.705606
-0.484133 13.055391
-0.462611 12.398647
-0.441090 11.735528
-0.419569 11.066264
-0.398047 10.391275
-0.376526 9.710752
-0.355004 9.025513
-0.333483 8.336245
-0.311961 7.643853
-0.290440 6.949874
-0.268918 6.255929
-0.247397 5.564239
-0.225875 4.877754
-0.204354 4.199991
-0.182832 3.535842
-0.161311 2.891173
-0.139789 2.274141
-0.118268 1.696517
-0.096746 1.174696
-0.075225 0.727100
-0.053703 0.374049
-0.032182 0.133170
-0.010661 0.014320
0.000100 0.000000
0.010861 0.013526
0.032382 0.112699
0.053904 0.286645
0.075425 0.511012
0.096947 0.765893
0.118468 1.036250
0.139990 1.311165
0.161511 1.582744
0.183033 1.845336
0.204554 2.094578
0.226076 2.327255
0.247597 2.540682
0.269119 2.732641
0.290640 2.901193
0.312162 3.044606
0.333683 3.161397
0.355204 3.250493
0.376726 3.311465
0.398247 3.345744
0.419769 3.356909
0.441290 3.352122
0.462812 3.340994
0.484333 3.333366
0.505855 3.336429
0.527376 3.354519
0.548898 3.389804
0.570419 3.442920
0.591941 3.514044
0.613462 3.602408
0.634984 3.707073
