-0.948556 122.948143
-0.916398 113.915680
-0.884240 105.200745
-0.852082 96.811073
-0.819924 88.755684
-0.787767 81.039787
-0.755609 73.669655
-0.723451 66.651314
-0.691293 59.989769
-0.659135 53.691170
-0.626977 47.758617
-0.594820 42.194675
-0.562662 37.001469
-0.530504 32.179771
-0.498346 27.730118
-0.466188 23.651470
-0.434030 19.937321
-0.401873 16.583099
-0.369715 13.582961
-0.337557 10.929718
-0.305399 8.611060
-0.273241 6.614456
-0.241083 4.924819
-0.208926 3.525208
-0.176768 2.396423
-0.144610 1.517206
-0.112452 0.864459
-0.080294 0.413615
-0.048136 0.139068
-0.015979 0.014390
0.000100 0.000000
0.016179 0.013328
0.048337 0.110460
0.080495 0.281361
0.112653 0.502956
0.144811 0.754025
0.176968 1.015565
0.209126 1.271657
0.241284 1.509238
0.273442 1.719291
0.305600 1.896410
0.337758 2.039246
0.369915 2.150464
0.402073 2.236656
0.434231 2.307991
0.466389 2.378228
0.498547 2.464392
0.530705 2.588515
0.562862 2.772223
0.595020 3.038202
0.627178 3.410100
0.659336 3.911702
0.691494 4.567039
0.723652 5.399455
0.755809 6.431356
0.787967 7.683868
0.820125 9.176638
0.852283 10.927300
0.884441 12.951886
0.916598 15.264383
0.948756 17.876745
