-0.983333 16.429039
-0.950000 16.110714
-0.916667 15.786255
-0.883333 15.455471
-0.850000 15.117999
-0.816667 14.773553
-0.783333 14.421741
-0.750000 14.062205
-0.716667 13.694522
-0.683333 13.318169
-0.650000 12.932701
-0.616667 12.537540
-0.583333 12.132127
-0.550000 11.715766
-0.516667 11.287733
-0.483333 10.847080
-0.450000 10.393155
-0.416667 9.924785
-0.383333 9.440775
-0.350000 8.939971
-0.316667 8.420994
-0.283333 7.882092
-0.250000 7.321633
-0.216667 6.737695
-0.183333 6.128094
-0.150000 5.490802
-0.116667 4.824222
-0.083333 4.127972
-0.050000 3.405052
-0.016667 2.667079
0.016667 1.944469
0.050000 1.296952
0.083333 0.788535
0.116667 0.434458
0.150000 0.207920
0.183333 0.075747
0.216667 0.012654
0.241571 0.000000
0.250000 0.001333
0.283333 0.030298
0.316667 0.091558
0.350000 0.179309
0.383333 0.288927
0.416667 0.417038
0.450000 0.560579
0.483333 0.716944
0.516667 0.884141
0.550000 1.060293
0.583333 1.243856
0.616667 1.433516
0.650000 1.628163
0.683333 1.826732
0.716667 2.028611
0.750000 2.233033
0.783333 2.439426
0.816667 2.647303
0.850000 2.856109
0.883333 3.065695
0.916667 3.275567
0.950000 3.485625
0.983333 3.695484
