-0.983333 62.490070
-0.950000 58.416931
-0.916667 54.555477
-0.883333 50.805202
-0.850000 47.171997
-0.816667 43.660854
-0.783333 40.276600
-0.750000 37.023018
-0.716667 33.904041
-0.683333 30.923311
-0.650000 28.084270
-0.616667 25.387896
-0.583333 22.831831
-0.550000 20.419172
-0.516667 18.152575
-0.483333 16.034786
-0.450000 14.067492
-0.416667 12.251528
-0.383333 10.586246
-0.350000 9.069658
-0.316667 7.699182
-0.283333 6.471857
-0.250000 5.382981
-0.216667 4.425449
-0.183333 3.590271
-0.150000 2.869359
-0.116667 2.255293
-0.083333 1.739910
-0.050000 1.314749
-0.016667 0.971553
0.016667 0.701873
0.050000 0.496328
0.083333 0.344415
0.116667 0.235408
0.150000 0.158678
0.183333 0.105104
0.216667 0.067190
0.250000 0.039660
0.283333 0.019580
0.316667 0.005816
0.350000 0.000025
0.351998 0.000000
0.383333 0.006066
0.416667 0.029924
0.450000 0.079719
0.483333 0.165168
0.516667 0.297262
0.550000 0.488240
0.583333 0.750713
0.616667 1.097628
0.650000 1.541830
0.683333 2.095765
0.716667 2.771072
0.750000 3.578789
0.783333 4.528517
0.816667 5.628844
0.850000 6.886593
0.883333 8.307312
0.916667 9.898134
0.950000 11.663713
0.983333 13.604339
