-0.983333 92.520042
-0.950000 86.807259
-0.916667 81.227913
-0.883333 75.789612
-0.850000 70.500076
-0.816667 65.366737
-0.783333 60.397259
-0.750000 55.600204
-0.716667 50.984093
-0.683333 46.554150
-0.650000 42.317051
-0.616667 38.278717
-0.583333 34.444832
-0.550000 30.820333
-0.516667 27.409351
-0.483333 24.216015
-0.450000 21.242327
-0.416667 18.488504
-0.383333 15.954496
-0.350000 13.638971
-0.316667 11.539059
-0.283333 9.649845
-0.250000 7.964184
-0.216667 6.475616
-0.183333 5.177606
-0.150000 4.057391
-0.116667 3.100884
-0.083333 2.298846
-0.050000 1.640636
-0.016667 1.114316
0.016667 0.707080
0.050000 0.405559
0.083333 0.196486
0.116667 0.067538
0.150000 0.007449
0.167134 0.000000
0.183333 0.006319
0.216667 0.056570
0.250000 0.152944
0.283333 0.293193
0.316667 0.477873
0.350000 0.710563
0.383333 0.998259
0.416667 1.350541
0.450000 1.779827
0.483333 2.300804
0.516667 2.930249
0.550000 3.685898
0.583333 4.586699
0.616667 5.651474
0.650000 6.898194
0.683333 8.345591
0.716667 10.018735
0.750000 11.937366
0.783333 14.117276
0.816667 16.571657
0.850000 19.311619
0.883333 22.346186
0.916667 25.681595
0.950000 29.322107
0.983333 33.271046
