-0.704759 17.704832
-0.680866 17.087862
-0.656972 16.464216
-0.633079 15.833754
-0.609185 15.196426
-0.585292 14.552209
-0.561398 13.901170
-0.537505 13.243136
-0.513611 12.578393
-0.489718 11.907001
-0.465824 11.229167
-0.441930 10.545238
-0.418037 9.855485
-0.394143 9.160544
-0.370250 8.461150
-0.346356 7.758242
-0.322463 7.053072
-0.298569 6.347455
-0.274676 5.643516
-0.250782 4.944271
-0.226889 4.253845
-0.202995 3.577339
-0.179101 2.921750
-0.155208 2.296040
-0.131314 1.712173
-0.107421 1.185170
-0.083527 0.733189
-0.059634 0.376558
-0.035740 0.133692
-0.011847 0.014343
0.000100 0.000000
0.012047 0.013501
0.035940 0.112013
0.059834 0.283936
0.083728 0.504639
0.107621 0.753963
0.131515 1.016768
0.155408 1.282310
0.179302 1.542643
0.203195 1.792066
0.227089 2.026208
0.250982 2.242060
0.274876 2.436896
0.298769 2.608548
0.322663 2.755615
0.346557 2.876688
0.370450 2.971124
0.394344 3.039688
0.418237 3.084780
0.442131 3.111203
0.466024 3.127001
0.489918 3.141080
0.513811 3.161381
0.537705 3.193557
0.561598 3.241070
0.585492 3.305431
0.609386 3.387120
0.633279 3.486132
0.657173 3.601748
0.681066 3.733104
0.704960 3.879225
