-0.689983 67.735306
-0.672608 62.731007
-0.655233 57.942577
-0.637858 53.367847
-0.620484 49.004601
-0.603109 44.850510
-0.585734 40.903164
-0.568359 37.160065
-0.550984 33.618607
-0.533609 30.276098
-0.516234 27.129736
-0.498860 24.176592
-0.481485 21.413658
-0.464110 18.837795
-0.446735 16.445747
-0.429360 14.234138
-0.411985 12.199462
-0.394611 10.338090
-0.377236 8.646260
-0.359861 7.120080
-0.342486 5.755517
-0.325111 4.548406
-0.307736 3.494440
-0.290361 2.589175
-0.272987 1.828027
-0.255612 1.206274
-0.238237 0.719056
-0.220862 0.361415
-0.203487 0.128127
-0.186112 0.014032
-0.177425 0.000000
-0.168737 0.013737
-0.151363 0.121757
-0.133988 0.332521
-0.116613 0.640257
-0.099238 1.039293
-0.081863 1.523753
-0.064488 2.087740
-0.047114 2.725317
-0.029739 3.430525
-0.012364 4.197402
0.005011 5.020002
0.022386 5.892423
0.039761 6.808826
0.057136 7.763400
0.074510 8.750593
0.091885 9.764874
0.109260 10.800916
0.126635 11.853584
0.144010 12.917972
0.161385 13.989415
0.178760 15.063534
0.196134 16.136242
0.213509 17.203781
0.230884 18.262739
0.248259 19.310051
0.265634 20.343021
0.283009 21.359426
0.300384 22.357370
0.317758 23.335403
0.335133 24.292423
