-0.646267 4.653584
-0.568328 4.015011
-0.514667 3.565254
-0.471049 3.194498
-0.433333 2.870692
-0.399623 2.579590
-0.368862 2.313230
-0.340390 2.066857
-0.313760 1.837506
-0.288656 1.623129
-0.264842 1.422513
-0.242137 1.234607
-0.220400 1.059146
-0.199516 0.896010
-0.179393 0.745195
-0.159952 0.607079
-0.141129 0.482084
-0.122868 0.370789
-0.105122 0.273782
-0.087849 0.191648
-0.071014 0.124555
-0.054585 0.072697
-0.038533 0.035588
-0.022835 0.012186
-0.007467 0.001350
0.000100 0.000000
0.007666 0.001295
0.023034 0.010739
0.038733 0.028949
0.054784 0.054575
0.071214 0.086670
0.088049 0.123927
0.105321 0.165230
0.123068 0.209498
0.141328 0.255598
0.160152 0.302796
0.179592 0.350107
0.199716 0.396595
0.220600 0.441372
0.242337 0.483489
0.265041 0.521880
0.288855 0.555465
0.313960 0.583071
0.340589 0.603595
0.369062 0.616461
0.399823 0.622523
0.433533 0.625761
0.471249 0.633861
0.514866 0.658062
0.568527 0.715890
0.646466 0.854039
