-0.915952 161.977402
-0.883751 151.160156
-0.851551 140.639648
-0.819350 130.427658
-0.787149 120.538864
-0.754948 110.986671
-0.722747 101.787231
-0.690546 92.956909
-0.658345 84.509743
-0.626144 76.457687
-0.593944 68.811722
-0.561743 61.585457
-0.529542 54.784683
-0.497341 48.416920
-0.465140 42.488113
-0.432939 37.001835
-0.400738 31.959723
-0.368537 27.361715
-0.336336 23.193090
-0.304136 19.422203
-0.271935 16.035759
-0.239734 13.026484
-0.207533 10.384519
-0.175332 8.095986
-0.143131 6.145102
-0.110930 4.515985
-0.078729 3.187744
-0.046529 2.135992
-0.014328 1.333180
0.017873 0.749251
0.050074 0.354354
0.082275 0.118257
0.114476 0.012372
0.130923 0.000000
0.146677 0.010700
0.178878 0.090500
0.211078 0.233833
0.243279 0.427792
0.275480 0.665493
0.307681 0.946938
0.339882 1.278409
0.372083 1.673152
0.404284 2.150903
0.436485 2.737230
0.468685 3.463197
0.500886 4.363866
0.533087 5.477434
0.565288 6.843731
0.597489 8.503375
0.629690 10.496096
0.661891 12.859698
0.694092 15.629178
0.726293 18.836390
0.758493 22.512754
0.790694 26.678392
0.822895 31.362780
0.855096 36.618690
0.887297 42.462841
0.919498 48.880478
0.951699 55.902161
0.983900 63.526207
