-0.983333 13.688018
-0.950000 13.368066
-0.916667 13.042198
-0.883333 12.710241
-0.850000 12.371728
-0.816667 12.026359
-0.783333 11.673988
-0.750000 11.314253
-0.716667 10.946644
-0.683333 10.570760
-0.650000 10.186224
-0.616667 9.792619
-0.583333 9.389316
-0.550000 8.975787
-0.516667 8.551565
-0.483333 8.115814
-0.450000 7.667922
-0.416667 7.207279
-0.383333 6.733013
-0.350000 6.244283
-0.316667 5.740345
-0.283333 5.220529
-0.250000 4.684107
-0.216667 4.131200
-0.183333 3.561952
-0.150000 2.978615
-0.116667 2.385782
-0.083333 1.793729
-0.050000 1.223576
-0.016667 0.714594
0.016667 0.324225
0.050000 0.092455
0.083333 0.004651
0.093937 0.000000
0.116667 0.018221
0.150000 0.095076
0.183333 0.210069
0.216667 0.348177
0.250000 0.500197
0.283333 0.660785
0.316667 0.826957
0.350000 0.996929
0.383333 1.169705
0.416667 1.345073
0.450000 1.522876
0.483333 1.702995
0.516667 1.885727
0.550000 2.070875
0.583333 2.258409
0.616667 2.448037
0.650000 2.639874
0.683333 2.833523
0.716667 3.028773
0.750000 3.225346
0.783333 3.423061
0.816667 3.621542
0.850000 3.820816
0.883333 4.020418
0.916667 4.220321
0.950000 4.420300
0.983333 4.620129
