-0.983333 8.422431
-0.950000 8.160111
-0.916667 7.894010
-0.883333 7.624023
-0.850000 7.349946
-0.816667 7.071794
-0.783333 6.789401
-0.750000 6.502586
-0.716667 6.211394
-0.683333 5.915578
-0.650000 5.615161
-0.616667 5.309951
-0.583333 5.000093
-0.550000 4.685417
-0.516667 4.365974
-0.483333 4.041849
-0.450000 3.713338
-0.416667 3.380744
-0.383333 3.044510
-0.350000 2.705510
-0.316667 2.364818
-0.283333 2.024158
-0.250000 1.686057
-0.216667 1.354263
-0.183333 1.034227
-0.150000 0.733892
-0.116667 0.464956
-0.083333 0.243240
-0.050000 0.086899
-0.016667 0.009266
0.000104 0.000000
0.016667 0.008218
0.050000 0.065550
0.083333 0.158195
0.116667 0.267832
0.150000 0.381829
0.183333 0.492494
0.216667 0.594742
0.250000 0.685320
0.283333 0.762089
0.316667 0.823810
0.350000 0.870151
0.383333 0.902646
0.416667 0.924918
0.450000 0.942861
0.483333 0.962698
0.516667 0.989491
0.550000 1.025899
0.583333 1.072927
0.616667 1.130636
0.650000 1.198510
0.683333 1.275777
0.716667 1.361566
0.750000 1.454883
0.783333 1.555111
0.816667 1.661404
0.850000 1.773022
0.883333 1.889349
0.916667 2.009815
0.950000 2.133915
0.983333 2.261195
