-0.983333 10.227805
-0.950000 9.936137
-0.916667 9.639733
-0.883333 9.338295
-0.850000 9.031758
-0.816667 8.719922
-0.783333 8.402499
-0.750000 8.079303
-0.716667 7.750056
-0.683333 7.414756
-0.650000 7.072897
-0.616667 6.724352
-0.583333 6.368987
-0.550000 6.006439
-0.516667 5.636487
-0.483333 5.259071
-0.450000 4.873992
-0.416667 4.481226
-0.383333 4.080756
-0.350000 3.672830
-0.316667 3.258089
-0.283333 2.837394
-0.250000 2.412274
-0.216667 1.985730
-0.183333 1.562305
-0.150000 1.149721
-0.116667 0.761066
-0.083333 0.418841
-0.050000 0.157338
-0.016667 0.017348
0.000100 0.000000
0.016667 0.015476
0.050000 0.121614
0.083333 0.287864
0.116667 0.478760
0.150000 0.674058
0.183333 0.862528
0.216667 1.037754
0.250000 1.195756
0.283333 1.333914
0.316667 1.449818
0.350000 1.541102
0.383333 1.605179
0.416667 1.640734
0.450000 1.650931
0.483333 1.647772
0.516667 1.646009
0.550000 1.654595
0.583333 1.677075
0.616667 1.714070
0.650000 1.764937
0.683333 1.828544
0.716667 1.903486
0.750000 1.988679
0.783333 2.082781
0.816667 2.184911
0.850000 2.293803
0.883333 2.408839
0.916667 2.529163
0.950000 2.654217
0.983333 2.783123
