-0.983333 9.788195
-0.950000 9.542700
-0.916667 9.293587
-0.883333 9.040732
-0.850000 8.784019
-0.816667 8.523309
-0.783333 8.258476
-0.750000 7.989383
-0.716667 7.716256
-0.683333 7.437834
-0.650000 7.155091
-0.616667 6.867500
-0.583333 6.574922
-0.550000 6.277215
-0.516667 5.974527
-0.483333 5.666177
-0.450000 5.352111
-0.416667 5.032799
-0.383333 4.707989
-0.350000 4.377781
-0.316667 4.042383
-0.283333 3.702221
-0.250000 3.357928
-0.216667 3.010538
-0.183333 2.661649
-0.150000 2.313534
-0.116667 1.969648
-0.083333 1.634819
-0.050000 1.315888
-0.016667 1.021674
0.016667 0.761968
0.050000 0.544547
0.083333 0.372234
0.116667 0.241896
0.150000 0.147018
0.183333 0.080572
0.216667 0.036669
0.250000 0.010943
0.283333 0.000457
0.292303 0.000000
0.316667 0.003660
0.350000 0.019696
0.383333 0.048234
0.416667 0.089032
0.450000 0.141751
0.483333 0.205751
0.550000 0.364667
0.583333 0.457900
0.616667 0.559077
0.650000 0.667235
0.683333 0.781707
0.716667 0.901674
0.750000 1.026450
0.783333 1.155416
0.816667 1.288040
0.850000 1.423787
0.883333 1.562266
0.916667 1.702955
0.950000 1.845697
0.983333 1.990109
