-0.576773 17.470852
-0.557218 16.862705
-0.537663 16.247845
-0.518108 15.626200
-0.498553 14.997716
-0.478998 14.362362
-0.439888 13.071064
-0.420333 12.415226
-0.400778 11.752808
-0.381223 11.083895
-0.361668 10.408790
-0.342113 9.728007
-0.322557 9.042126
-0.303002 8.351658
-0.283447 7.657875
-0.263892 6.961942
-0.244337 6.265509
-0.224782 5.570982
-0.205227 4.881179
-0.185672 4.200175
-0.166117 3.533020
-0.146562 2.886391
-0.127007 2.269452
-0.107452 1.693624
-0.087897 1.173609
-0.068342 0.727334
-0.048787 0.374678
-0.029232 0.133612
-0.009677 0.014426
0.000100 0.000000
0.009878 0.013695
0.029433 0.114749
0.048988 0.294108
0.068543 0.528384
0.088098 0.798010
0.107653 1.088281
0.127208 1.388287
0.146763 1.690017
0.166318 1.987940
0.185873 2.277845
0.205428 2.556648
0.224983 2.822028
0.244538 3.072127
0.264093 3.305393
0.283648 3.520569
0.303203 3.716476
0.322758 3.891917
0.342313 4.046012
0.361868 4.177700
0.381423 4.286161
0.400978 4.370983
0.420533 4.432621
0.440088 4.473125
0.459643 4.496734
0.479198 4.509772
0.498753 4.519002
0.518308 4.530375
0.537863 4.548207
0.557418 4.575419
0.576973 4.613736
