-0.449594 5.764008
-0.387847 5.009493
-0.345334 4.471517
-0.310777 4.023186
-0.280897 3.627791
-0.254190 3.268976
-0.229820 2.937636
-0.207262 2.628482
-0.186165 2.338145
-0.166276 2.064593
-0.147409 1.806443
-0.129421 1.563262
-0.112200 1.334827
-0.095655 1.121610
-0.079712 0.924307
-0.064310 0.744003
-0.049397 0.581935
-0.034930 0.439301
-0.020870 0.317097
-0.007186 0.216394
0.006152 0.136928
0.019168 0.077762
0.031885 0.037009
0.044322 0.012452
0.056497 0.001313
0.062492 0.000000
0.068486 0.001237
0.080662 0.010714
0.093099 0.028862
0.105816 0.054658
0.118832 0.087500
0.132169 0.126578
0.145854 0.171255
0.159913 0.220918
0.174380 0.275266
0.189293 0.333870
0.204695 0.396460
0.220638 0.462726
0.237183 0.532747
0.254405 0.606441
0.272392 0.683892
0.291259 0.765311
0.311148 0.851092
0.332245 0.941739
0.354803 1.038374
0.379174 1.142339
0.405880 1.255911
0.435761 1.382865
0.470317 1.530002
0.512830 1.712861
0.574578 1.983984
