-0.983333 7.655414
-0.950000 7.411090
-0.916667 7.163490
-0.883333 6.912592
-0.850000 6.658204
-0.816667 6.400254
-0.783333 6.138846
-0.750000 5.873724
-0.716667 5.604928
-0.683333 5.332334
-0.650000 5.055950
-0.616667 4.775815
-0.583333 4.491678
-0.550000 4.203783
-0.516667 3.912335
-0.483333 3.617371
-0.450000 3.319402
-0.416667 3.018596
-0.383333 2.715757
-0.350000 2.411551
-0.316667 2.107293
-0.283333 1.804711
-0.250000 1.506156
-0.216667 1.215000
-0.183333 0.936010
-0.150000 0.675794
-0.116667 0.443148
-0.083333 0.249505
-0.050000 0.106805
-0.016667 0.023646
0.014177 0.000000
0.016667 0.000215
0.050000 0.027706
0.083333 0.092756
0.116667 0.182698
0.150000 0.287327
0.183333 0.399889
0.216667 0.515790
0.250000 0.632358
0.283333 0.747838
0.316667 0.861567
0.350000 0.973634
0.383333 1.084642
0.416667 1.195530
0.450000 1.307271
0.483333 1.421094
0.516667 1.537887
0.550000 1.658223
0.583333 1.782334
0.616667 1.910172
0.650000 2.041945
0.683333 2.177273
0.716667 2.315927
0.750000 2.457489
0.783333 2.601844
0.816667 2.748647
0.850000 2.897497
0.883333 3.048021
0.916667 3.200204
0.950000 3.353662
0.983333 3.508082
