-0.576578 104.020035
-0.557030 96.136124
-0.537481 88.570229
-0.517933 81.325546
-0.498385 74.404160
-0.478836 67.808472
-0.459288 61.540440
-0.439739 55.600941
-0.420191 49.990707
-0.400643 44.709442
-0.381094 39.756172
-0.361546 35.128185
-0.341997 30.824131
-0.322449 26.840694
-0.302901 23.174006
-0.283352 19.817587
-0.263804 16.764889
-0.244255 14.008466
-0.224707 11.539621
-0.205159 9.348924
-0.185610 7.426081
-0.166062 5.759686
-0.146513 4.337180
-0.126965 3.145567
-0.107417 2.170871
-0.087868 1.398469
-0.068320 0.812607
-0.048771 0.397432
-0.029223 0.136947
-0.009675 0.014593
0.000100 0.000000
0.009874 0.013898
0.029422 0.118381
0.048971 0.311663
0.068519 0.577908
0.088067 0.901565
0.107616 1.267672
0.127164 1.662290
0.146713 2.071920
0.166261 2.483097
0.185809 2.884797
0.205358 3.268633
0.224906 3.627373
0.244455 3.955381
0.264003 4.248066
0.283551 4.502561
0.303100 4.717436
0.322648 4.893333
0.342197 5.031997
0.361745 5.137192
0.381293 5.214156
0.400842 5.269690
0.420390 5.312061
0.439939 5.350920
0.459487 5.397179
0.479035 5.462893
0.498584 5.561123
0.518132 5.705649
0.537681 5.911304
0.557229 6.192934
0.576777 6.566298
