-0.730119 9.328274
-0.705366 9.056238
-0.680613 8.779855
-0.655860 8.498966
-0.631106 8.213403
-0.606353 7.922991
-0.581600 7.627546
-0.556847 7.326946
-0.532094 7.020902
-0.507340 6.709246
-0.482587 6.391870
-0.457834 6.068533
-0.433081 5.739149
-0.408328 5.403442
-0.383575 5.061444
-0.358821 4.713077
-0.334068 4.358065
-0.309315 3.996712
-0.284562 3.629206
-0.259809 3.255725
-0.235056 2.877195
-0.210302 2.494719
-0.185549 2.110193
-0.160796 1.726700
-0.136043 1.348957
-0.111290 0.984591
-0.086536 0.646120
-0.061783 0.352609
-0.037030 0.131950
-0.012277 0.014542
0.000100 0.000000
0.012476 0.013619
0.037229 0.109775
0.061983 0.267433
0.111489 0.660374
0.136242 0.865709
0.160995 1.066908
0.185748 1.260278
0.210502 1.443597
0.235255 1.615538
0.260008 1.775227
0.284761 1.921829
0.309514 2.054787
0.334268 2.173549
0.359021 2.277347
0.383774 2.365168
0.408527 2.435862
0.433280 2.488530
0.458033 2.522907
0.482787 2.541204
0.507540 2.549603
0.532293 2.554898
0.557046 2.562569
0.581799 2.575637
0.606552 2.595530
0.631306 2.622786
0.656059 2.657340
0.680812 2.699074
0.705565 2.747549
0.730318 2.802274
