-0.983333 51.004452
-0.950000 47.438389
-0.916667 43.879597
-0.883333 40.490627
-0.850000 37.223240
-0.816667 34.081654
-0.783333 31.070139
-0.750000 28.192293
-0.716667 25.452007
-0.683333 22.849981
-0.650000 20.385004
-0.616667 18.060474
-0.583333 15.879309
-0.550000 13.844331
-0.516667 11.957456
-0.483333 10.220864
-0.450000 8.635112
-0.416667 7.199201
-0.383333 5.911376
-0.350000 4.768713
-0.316667 3.767466
-0.283333 2.904100
-0.250000 2.172975
-0.216667 1.565886
-0.183333 1.073205
-0.150000 0.685796
-0.116667 0.394976
-0.083333 0.191323
-0.050000 0.065223
-0.016667 0.006928
0.000101 0.000000
0.016667 0.006322
0.050000 0.052623
0.083333 0.134078
0.116667 0.238908
0.150000 0.355492
0.183333 0.473814
0.216667 0.585294
0.250000 0.683583
0.283333 0.765139
0.316667 0.828554
0.350000 0.875001
0.383333 0.908157
0.416667 0.934069
0.450000 0.960923
0.483333 0.998754
0.516667 1.059109
0.550000 1.154572
0.583333 1.298764
0.616667 1.505437
0.650000 1.788457
0.683333 2.161406
0.716667 2.637288
0.750000 3.228288
0.783333 3.945542
0.816667 4.798855
0.850000 5.796732
0.883333 6.946356
0.916667 8.256491
0.950000 9.732486
0.983333 11.376722
